% time	cellId	IMSI	frame	sframe	RNTI	mcs	size
1.021	1	3	103	2	2	28	9422
1.022	1	10	103	3	8	28	4587
1.022	1	11	103	3	12	28	4587
1.023	1	4	103	4	13	28	9422
1.024	1	5	103	5	4	28	4587
1.024	1	15	103	5	5	28	4587
1.025	1	12	103	6	14	28	9422
1.026	1	2	103	7	7	28	9422
1.027	1	14	103	8	15	28	9422
1.028	1	1	103	9	10	28	4587
1.028	1	8	103	9	11	28	4587
1.029	1	7	103	10	1	28	9422
1.03	1	9	104	1	6	28	9422
1.065	1	3	107	6	2	28	9422
1.066	1	10	107	7	8	28	9422
1.067	1	11	107	8	12	28	4587
1.067	1	4	107	8	13	28	4587
1.068	1	5	107	9	4	28	9422
1.069	1	15	107	10	5	28	4587
1.069	1	12	107	10	14	28	4587
1.07	1	2	108	1	7	28	9422
1.071	1	14	108	2	15	28	9422
1.072	1	1	108	3	10	28	4587
1.072	1	8	108	3	11	28	4587
1.073	1	7	108	4	1	28	9422
1.074	1	9	108	5	6	28	9422
1.109	1	3	111	10	2	28	9422
1.11	1	10	112	1	8	28	9422
1.111	1	11	112	2	12	28	4587
1.111	1	4	112	2	13	28	4587
1.112	1	5	112	3	4	28	9422
1.113	1	15	112	4	5	28	4587
1.113	1	12	112	4	14	28	4587
1.114	1	2	112	5	7	28	9422
1.115	1	14	112	6	15	28	9422
1.116	1	1	112	7	10	28	4587
1.116	1	8	112	7	11	28	4587
1.117	1	7	112	8	1	28	9422
1.118	1	9	112	9	6	28	9422
1.153	1	3	116	4	2	28	9422
1.154	1	10	116	5	8	28	9422
1.155	1	11	116	6	12	28	4587
1.155	1	4	116	6	13	28	4587
1.156	1	5	116	7	4	28	9422
1.157	1	15	116	8	5	28	4587
1.157	1	12	116	8	14	28	4587
1.158	1	2	116	9	7	28	9422
1.159	1	14	116	10	15	28	9422
1.161	1	1	117	2	10	28	4587
1.161	1	8	117	2	11	28	4587
1.162	1	7	117	3	1	28	9422
1.163	1	9	117	4	6	28	9422
1.197	1	3	120	8	2	28	9422
1.198	1	10	120	9	8	28	9422
1.199	1	11	120	10	12	28	4587
1.199	1	4	120	10	13	28	4587
1.2	1	5	121	1	4	28	9422
1.201	1	15	121	2	5	28	4587
1.201	1	12	121	2	14	28	4587
1.202	1	15	121	3	5	28	4587
1.202	1	2	121	3	7	28	4587
1.203	1	14	121	4	15	28	9422
1.205	1	1	121	6	10	28	4587
1.205	1	8	121	6	11	28	4587
1.206	1	7	121	7	1	28	9422
1.207	1	9	121	8	6	28	9422
1.241	1	3	125	2	2	28	9422
1.242	1	10	125	3	8	28	9422
1.243	1	4	125	4	13	28	9422
1.244	1	5	125	5	4	28	4587
1.244	1	11	125	5	12	28	4587
1.245	1	12	125	6	14	28	4587
1.245	1	5	125	6	4	28	4587
1.246	1	15	125	7	5	28	9422
1.247	1	2	125	8	7	28	4587
1.247	1	14	125	8	15	28	4587
1.248	1	14	125	9	15	28	9422
1.249	1	1	125	10	10	28	9422
1.25	1	8	126	1	11	28	4587
1.25	1	7	126	1	1	28	4587
1.251	1	9	126	2	6	28	4587
1.251	1	7	126	2	1	28	4587
1.285	1	3	129	6	2	28	9422
1.286	1	10	129	7	8	28	9422
1.287	1	4	129	8	13	28	9422
1.288	1	5	129	9	4	28	9422
1.289	1	11	129	10	12	28	9422
1.29	1	12	130	1	14	28	9422
1.291	1	15	130	2	5	28	4587
1.291	1	12	130	2	14	28	4587
1.292	1	15	130	3	5	28	4587
1.292	1	2	130	3	7	28	4587
1.293	1	14	130	4	15	28	4587
1.293	1	2	130	4	7	28	4587
1.294	1	1	130	5	10	28	4587
1.294	1	14	130	5	15	28	4587
1.295	1	7	130	6	1	28	4587
1.295	1	1	130	6	10	28	4587
1.296	1	8	130	7	11	28	4587
1.296	1	7	130	7	1	28	4587
1.297	1	9	130	8	6	28	4587
1.297	1	8	130	8	11	28	4587
1.298	1	9	130	9	6	28	9422
1.329	1	3	133	10	2	28	9422
1.33	1	10	134	1	8	28	4587
1.33	1	3	134	1	2	28	4587
1.331	1	10	134	2	8	28	4587
1.331	1	4	134	2	13	28	4587
1.332	1	5	134	3	4	28	4587
1.332	1	4	134	3	13	28	4587
1.333	1	5	134	4	4	28	9422
1.334	1	11	134	5	12	28	9422
1.335	1	12	134	6	14	28	4587
1.335	1	11	134	6	12	28	4587
1.336	1	12	134	7	14	28	4587
1.336	1	15	134	7	5	28	4587
1.337	1	15	134	8	5	28	9422
1.338	1	2	134	9	7	28	9422
1.339	1	14	134	10	15	28	4587
1.339	1	2	134	10	7	28	4587
1.34	1	1	135	1	10	28	4587
1.34	1	14	135	1	15	28	4587
1.341	1	1	135	2	10	28	9422
1.342	1	7	135	3	1	28	9422
1.343	1	8	135	4	11	28	4587
1.343	1	7	135	4	1	28	4587
1.344	1	9	135	5	6	28	4587
1.344	1	8	135	5	11	28	4587
1.345	1	9	135	6	6	28	9422
1.373	1	3	138	4	2	28	9422
1.374	1	3	138	5	2	28	9422
1.375	1	10	138	6	8	28	9422
1.376	1	10	138	7	8	28	9422
1.377	1	4	138	8	13	28	9422
1.378	1	5	138	9	4	28	4587
1.378	1	4	138	9	13	28	4587
1.379	1	5	138	10	4	28	9422
1.38	1	11	139	1	12	28	4587
1.38	1	5	139	1	4	28	4587
1.381	1	11	139	2	12	28	9422
1.382	1	12	139	3	14	28	4587
1.382	1	11	139	3	12	28	4587
1.383	1	12	139	4	14	28	9422
1.384	1	15	139	5	5	28	9422
1.385	1	15	139	6	5	28	9422
1.386	1	2	139	7	7	28	9422
1.387	1	2	139	8	7	28	9422
1.388	1	14	139	9	15	28	9422
1.389	1	1	139	10	10	28	4587
1.389	1	14	139	10	15	28	4587
1.39	1	1	140	1	10	28	9422
1.391	1	7	140	2	1	28	4587
1.391	1	1	140	2	10	28	4587
1.392	1	7	140	3	1	28	9422
1.393	1	8	140	4	11	28	4587
1.393	1	7	140	4	1	28	4587
1.394	1	8	140	5	11	28	9422
1.395	1	9	140	6	6	28	9422
1.396	1	9	140	7	6	28	9422
1.417	1	3	142	8	2	28	9422
1.418	1	3	142	9	2	28	9422
1.419	1	10	142	10	8	28	4587
1.419	1	3	142	10	2	28	4587
1.42	1	10	143	1	8	28	9422
1.421	1	10	143	2	8	28	9422
1.422	1	4	143	3	13	28	4587
1.422	1	10	143	3	8	28	4587
1.423	1	4	143	4	13	28	9422
1.424	1	4	143	5	13	28	9422
1.425	1	5	143	6	4	28	9422
1.426	1	5	143	7	4	28	9422
1.427	1	11	143	8	12	28	4587
1.427	1	5	143	8	4	28	4587
1.428	1	11	143	9	12	28	9422
1.429	1	11	143	10	12	28	9422
1.43	1	12	144	1	14	28	4587
1.43	1	11	144	1	12	28	4587
1.431	1	12	144	2	14	28	9422
1.432	1	12	144	3	14	28	9422
1.433	1	15	144	4	5	28	9422
1.434	1	15	144	5	5	28	9422
1.435	1	2	144	6	7	28	4587
1.435	1	15	144	6	5	28	4587
1.436	1	2	144	7	7	28	9422
1.437	1	2	144	8	7	28	9422
1.438	1	14	144	9	15	28	9422
1.439	1	14	144	10	15	28	9422
1.44	1	14	145	1	15	28	9422
1.441	1	1	145	2	10	28	9422
1.442	1	1	145	3	10	28	9422
1.443	1	7	145	4	1	28	4587
1.443	1	1	145	4	10	28	4587
1.444	1	7	145	5	1	28	9422
1.445	1	7	145	6	1	28	9422
1.446	1	8	145	7	11	28	4587
1.446	1	7	145	7	1	28	4587
1.447	1	8	145	8	11	28	9422
1.448	1	8	145	9	11	28	9422
1.449	1	9	145	10	6	28	9422
1.45	1	9	146	1	6	28	9422
1.451	1	9	146	2	6	28	9422
1.461	1	3	147	2	2	28	9422
1.462	1	3	147	3	2	28	9422
1.463	1	3	147	4	2	28	9422
1.464	1	3	147	5	2	28	9422
1.465	1	10	147	6	8	28	9422
1.466	1	10	147	7	8	28	9422
1.467	1	10	147	8	8	28	9422
1.468	1	10	147	9	8	28	9422
1.469	1	4	147	10	13	28	9422
1.47	1	4	148	1	13	28	9422
1.471	1	4	148	2	13	28	9422
1.472	1	4	148	3	13	28	9422
1.473	1	5	148	4	4	28	9422
1.474	1	5	148	5	4	28	9422
1.475	1	5	148	6	4	28	9422
1.476	1	5	148	7	4	28	9422
1.477	1	11	148	8	12	28	9422
1.478	1	11	148	9	12	28	9422
1.479	1	11	148	10	12	28	9422
1.48	1	11	149	1	12	28	9422
1.481	1	12	149	2	14	28	9422
1.482	1	12	149	3	14	28	9422
1.483	1	12	149	4	14	28	9422
1.484	1	12	149	5	14	28	9422
1.485	1	15	149	6	5	28	9422
1.486	1	15	149	7	5	28	9422
1.487	1	15	149	8	5	28	9422
1.488	1	15	149	9	5	28	9422
1.489	1	2	149	10	7	28	9422
1.49	1	2	150	1	7	28	9422
1.491	1	2	150	2	7	28	9422
1.492	1	2	150	3	7	28	9422
1.493	1	14	150	4	15	28	9422
1.494	1	14	150	5	15	28	9422
1.495	1	14	150	6	15	28	9422
1.496	1	14	150	7	15	28	9422
1.497	1	1	150	8	10	28	9422
1.498	1	1	150	9	10	28	9422
1.499	1	1	150	10	10	28	9422
1.5	1	1	151	1	10	28	9422
1.501	1	7	151	2	1	28	9422
1.502	1	7	151	3	1	28	9422
1.503	1	7	151	4	1	28	9422
1.504	1	7	151	5	1	28	9422
1.505	1	8	151	6	11	28	9422
1.506	1	8	151	7	11	28	9422
1.507	1	8	151	8	11	28	9422
1.508	1	8	151	9	11	28	9422
1.509	1	9	151	10	6	28	9422
1.51	1	9	152	1	6	28	9422
1.511	1	9	152	2	6	28	9422
1.512	1	9	152	3	6	28	9422
1.513	1	3	152	4	2	28	9422
1.514	1	3	152	5	2	28	9422
1.515	1	3	152	6	2	28	9422
1.516	1	3	152	7	2	28	9422
1.517	1	3	152	8	2	28	9422
1.518	1	3	152	9	2	28	9422
1.519	1	10	152	10	8	28	9422
1.52	1	10	153	1	8	28	9422
1.521	1	10	153	2	8	28	9422
1.522	1	10	153	3	8	28	9422
1.523	1	10	153	4	8	28	9422
1.524	1	10	153	5	8	28	9422
1.525	1	4	153	6	13	28	9422
1.526	1	4	153	7	13	28	9422
1.527	1	4	153	8	13	28	9422
1.528	1	4	153	9	13	28	9422
1.529	1	4	153	10	13	28	9422
1.53	1	4	154	1	13	28	9422
1.531	1	5	154	2	4	28	9422
1.532	1	5	154	3	4	28	9422
1.533	1	5	154	4	4	28	9422
1.534	1	5	154	5	4	28	9422
1.535	1	5	154	6	4	28	9422
1.536	1	5	154	7	4	28	9422
1.537	1	11	154	8	12	28	9422
1.538	1	11	154	9	12	28	9422
1.539	1	11	154	10	12	28	9422
1.54	1	11	155	1	12	28	9422
1.541	1	11	155	2	12	28	9422
1.542	1	11	155	3	12	28	9422
1.543	1	12	155	4	14	28	9422
1.544	1	12	155	5	14	28	9422
1.545	1	12	155	6	14	28	9422
1.546	1	12	155	7	14	28	9422
1.547	1	12	155	8	14	28	9422
1.548	1	12	155	9	14	28	9422
1.549	1	15	155	10	5	28	4587
1.549	1	12	155	10	14	28	4587
1.55	1	15	156	1	5	28	9422
1.551	1	15	156	2	5	28	9422
1.552	1	15	156	3	5	28	9422
1.553	1	15	156	4	5	28	9422
1.554	1	15	156	5	5	28	9422
1.555	1	2	156	6	7	28	4587
1.555	1	15	156	6	5	28	4587
1.556	1	2	156	7	7	28	9422
1.557	1	2	156	8	7	28	9422
1.558	1	2	156	9	7	28	9422
1.559	1	2	156	10	7	28	9422
1.56	1	2	157	1	7	28	9422
1.561	1	14	157	2	15	28	4587
1.561	1	2	157	2	7	28	4587
1.562	1	14	157	3	15	28	9422
1.563	1	14	157	4	15	28	9422
1.564	1	14	157	5	15	28	9422
1.565	1	14	157	6	15	28	9422
1.566	1	14	157	7	15	28	9422
1.567	1	1	157	8	10	28	4587
1.567	1	14	157	8	15	28	4587
1.568	1	1	157	9	10	28	9422
1.569	1	1	157	10	10	28	9422
1.57	1	1	158	1	10	28	9422
1.571	1	1	158	2	10	28	9422
1.572	1	1	158	3	10	28	9422
1.573	1	7	158	4	1	28	4587
1.573	1	1	158	4	10	28	4587
1.574	1	7	158	5	1	28	9422
1.575	1	7	158	6	1	28	9422
1.576	1	7	158	7	1	28	9422
1.577	1	7	158	8	1	28	9422
1.578	1	7	158	9	1	28	9422
1.579	1	8	158	10	11	28	4587
1.579	1	7	158	10	1	28	4587
1.58	1	8	159	1	11	28	9422
1.581	1	8	159	2	11	28	9422
1.582	1	8	159	3	11	28	9422
1.583	1	8	159	4	11	28	9422
1.584	1	8	159	5	11	28	9422
1.585	1	9	159	6	6	28	4587
1.585	1	8	159	6	11	28	4587
1.586	1	9	159	7	6	28	9422
1.587	1	9	159	8	6	28	9422
1.588	1	9	159	9	6	28	9422
1.589	1	9	159	10	6	28	9422
1.59	1	9	160	1	6	28	9422
1.591	1	3	160	2	2	28	4587
1.591	1	9	160	2	6	28	4587
1.592	1	3	160	3	2	28	9422
1.593	1	3	160	4	2	28	9422
1.594	1	3	160	5	2	28	9422
1.595	1	3	160	6	2	28	9422
1.596	1	3	160	7	2	28	9422
1.597	1	3	160	8	2	28	9422
1.598	1	3	160	9	2	28	9422
1.599	1	3	160	10	2	28	9422
1.6	1	10	161	1	8	28	4587
1.6	1	3	161	1	2	28	4587
1.601	1	10	161	2	8	28	9422
1.602	1	10	161	3	8	28	9422
1.603	1	10	161	4	8	28	9422
1.604	1	10	161	5	8	28	9422
1.605	1	10	161	6	8	28	9422
1.606	1	10	161	7	8	28	9422
1.607	1	10	161	8	8	28	9422
1.608	1	10	161	9	8	28	9422
1.609	1	4	161	10	13	28	4587
1.609	1	10	161	10	8	28	4587
1.61	1	4	162	1	13	28	9422
1.611	1	4	162	2	13	28	9422
1.612	1	4	162	3	13	28	9422
1.613	1	4	162	4	13	28	9422
1.614	1	4	162	5	13	28	9422
1.615	1	4	162	6	13	28	9422
1.616	1	4	162	7	13	28	9422
1.617	1	4	162	8	13	28	9422
1.618	1	5	162	9	4	28	4587
1.618	1	4	162	9	13	28	4587
1.619	1	5	162	10	4	28	9422
1.62	1	5	163	1	4	28	9422
1.621	1	5	163	2	4	28	9422
1.622	1	5	163	3	4	28	9422
1.623	1	5	163	4	4	28	9422
1.624	1	5	163	5	4	28	9422
1.625	1	5	163	6	4	28	9422
1.626	1	5	163	7	4	28	9422
1.627	1	11	163	8	12	28	4587
1.627	1	5	163	8	4	28	4587
1.628	1	11	163	9	12	28	9422
1.629	1	11	163	10	12	28	9422
1.63	1	11	164	1	12	28	9422
1.631	1	11	164	2	12	28	9422
1.632	1	11	164	3	12	28	9422
1.633	1	11	164	4	12	28	9422
1.634	1	11	164	5	12	28	9422
1.635	1	11	164	6	12	28	9422
1.636	1	12	164	7	14	28	4587
1.636	1	11	164	7	12	28	4587
1.637	1	12	164	8	14	28	9422
1.638	1	12	164	9	14	28	9422
1.639	1	12	164	10	14	28	9422
1.64	1	12	165	1	14	28	9422
1.641	1	12	165	2	14	28	9422
1.642	1	12	165	3	14	28	9422
1.643	1	12	165	4	14	28	9422
1.644	1	12	165	5	14	28	9422
1.645	1	12	165	6	14	28	9422
1.646	1	15	165	7	5	28	9422
1.647	1	15	165	8	5	28	9422
1.648	1	15	165	9	5	28	9422
1.649	1	15	165	10	5	28	9422
1.65	1	15	166	1	5	28	9422
1.651	1	15	166	2	5	28	9422
1.652	1	15	166	3	5	28	9422
1.653	1	15	166	4	5	28	9422
1.654	1	2	166	5	7	28	4587
1.654	1	15	166	5	5	28	4587
1.655	1	2	166	6	7	28	9422
1.656	1	2	166	7	7	28	9422
1.657	1	2	166	8	7	28	9422
1.658	1	2	166	9	7	28	9422
1.659	1	2	166	10	7	28	9422
1.66	1	2	167	1	7	28	9422
1.661	1	2	167	2	7	28	9422
1.662	1	2	167	3	7	28	9422
1.663	1	14	167	4	15	28	4587
1.663	1	2	167	4	7	28	4587
1.664	1	14	167	5	15	28	9422
1.665	1	14	167	6	15	28	9422
1.666	1	14	167	7	15	28	9422
1.667	1	14	167	8	15	28	9422
1.668	1	14	167	9	15	28	9422
1.669	1	14	167	10	15	28	9422
1.67	1	14	168	1	15	28	9422
1.671	1	14	168	2	15	28	9422
1.672	1	1	168	3	10	28	4587
1.672	1	14	168	3	15	28	4587
1.673	1	1	168	4	10	28	9422
1.674	1	1	168	5	10	28	9422
1.675	1	1	168	6	10	28	9422
1.676	1	1	168	7	10	28	9422
1.677	1	1	168	8	10	28	9422
1.678	1	1	168	9	10	28	9422
1.679	1	1	168	10	10	28	9422
1.68	1	1	169	1	10	28	9422
1.681	1	7	169	2	1	28	4587
1.681	1	1	169	2	10	28	4587
1.682	1	7	169	3	1	28	9422
1.683	1	7	169	4	1	28	9422
1.684	1	7	169	5	1	28	9422
1.685	1	7	169	6	1	28	9422
1.686	1	7	169	7	1	28	9422
1.687	1	7	169	8	1	28	9422
1.688	1	7	169	9	1	28	9422
1.689	1	7	169	10	1	28	9422
1.69	1	8	170	1	11	28	4587
1.69	1	7	170	1	1	28	4587
1.691	1	8	170	2	11	28	9422
1.692	1	8	170	3	11	28	9422
1.693	1	8	170	4	11	28	9422
1.694	1	8	170	5	11	28	9422
1.695	1	8	170	6	11	28	9422
1.696	1	8	170	7	11	28	9422
1.697	1	8	170	8	11	28	9422
1.698	1	8	170	9	11	28	9422
1.699	1	9	170	10	6	28	4587
1.699	1	8	170	10	11	28	4587
1.7	1	9	171	1	6	28	9422
1.701	1	9	171	2	6	28	9422
1.702	1	9	171	3	6	28	9422
1.703	1	9	171	4	6	28	9422
1.704	1	9	171	5	6	28	9422
1.705	1	9	171	6	6	28	9422
1.706	1	9	171	7	6	28	9422
1.707	1	9	171	8	6	28	9422
1.708	1	3	171	9	2	28	4587
1.708	1	9	171	9	6	28	4587
1.709	1	3	171	10	2	28	9422
1.71	1	3	172	1	2	28	9422
1.711	1	3	172	2	2	28	9422
1.712	1	3	172	3	2	28	9422
1.713	1	3	172	4	2	28	9422
1.714	1	3	172	5	2	28	9422
1.715	1	3	172	6	2	28	9422
1.716	1	3	172	7	2	28	9422
1.717	1	3	172	8	2	28	9422
1.718	1	3	172	9	2	28	9422
1.719	1	3	172	10	2	28	9422
1.72	1	3	173	1	2	28	9422
1.721	1	3	173	2	2	28	9422
1.722	1	10	173	3	8	28	9422
1.723	1	10	173	4	8	28	9422
1.724	1	10	173	5	8	28	9422
1.725	1	10	173	6	8	28	9422
1.726	1	10	173	7	8	28	9422
1.727	1	10	173	8	8	28	9422
1.728	1	10	173	9	8	28	9422
1.729	1	10	173	10	8	28	9422
1.73	1	10	174	1	8	28	9422
1.731	1	10	174	2	8	28	9422
1.732	1	10	174	3	8	28	9422
1.733	1	10	174	4	8	28	9422
1.734	1	10	174	5	8	28	9422
1.735	1	4	174	6	13	28	4587
1.735	1	10	174	6	8	28	4587
1.736	1	4	174	7	13	28	9422
1.737	1	4	174	8	13	28	9422
1.738	1	4	174	9	13	28	9422
1.739	1	4	174	10	13	28	9422
1.74	1	4	175	1	13	28	9422
1.741	1	4	175	2	13	28	9422
1.742	1	4	175	3	13	28	9422
1.743	1	4	175	4	13	28	9422
1.744	1	4	175	5	13	28	9422
1.745	1	4	175	6	13	28	9422
1.746	1	4	175	7	13	28	9422
1.747	1	4	175	8	13	28	9422
1.748	1	4	175	9	13	28	9422
1.749	1	5	175	10	4	28	9422
1.75	1	5	176	1	4	28	9422
1.751	1	5	176	2	4	28	9422
1.752	1	5	176	3	4	28	9422
1.753	1	5	176	4	4	28	9422
1.754	1	5	176	5	4	28	9422
1.755	1	5	176	6	4	28	9422
1.756	1	5	176	7	4	28	9422
1.757	1	5	176	8	4	28	9422
1.758	1	5	176	9	4	28	9422
1.759	1	5	176	10	4	28	9422
1.76	1	5	177	1	4	28	9422
1.761	1	5	177	2	4	28	9422
1.762	1	11	177	3	12	28	4587
1.762	1	5	177	3	4	28	4587
1.763	1	11	177	4	12	28	9422
1.764	1	11	177	5	12	28	9422
1.765	1	11	177	6	12	28	9422
1.766	1	11	177	7	12	28	9422
1.767	1	11	177	8	12	28	9422
1.768	1	11	177	9	12	28	9422
1.769	1	11	177	10	12	28	9422
1.77	1	11	178	1	12	28	9422
1.771	1	11	178	2	12	28	9422
1.772	1	11	178	3	12	28	9422
1.773	1	11	178	4	12	28	9422
1.774	1	11	178	5	12	28	9422
1.775	1	11	178	6	12	28	9422
1.776	1	12	178	7	14	28	9422
1.777	1	12	178	8	14	28	9422
1.778	1	12	178	9	14	28	9422
1.779	1	12	178	10	14	28	9422
1.78	1	12	179	1	14	28	9422
1.781	1	12	179	2	14	28	9422
1.782	1	12	179	3	14	28	9422
1.783	1	12	179	4	14	28	9422
1.784	1	12	179	5	14	28	9422
1.785	1	12	179	6	14	28	9422
1.786	1	12	179	7	14	28	9422
1.787	1	12	179	8	14	28	9422
1.788	1	12	179	9	14	28	9422
1.789	1	12	179	10	14	28	9422
1.79	1	15	180	1	5	28	9422
1.791	1	15	180	2	5	28	9422
1.792	1	15	180	3	5	28	9422
1.793	1	15	180	4	5	28	9422
1.794	1	15	180	5	5	28	9422
1.795	1	15	180	6	5	28	9422
1.796	1	15	180	7	5	28	9422
1.797	1	15	180	8	5	28	9422
1.798	1	15	180	9	5	28	9422
1.799	1	15	180	10	5	28	9422
1.8	1	15	181	1	5	28	9422
1.801	1	15	181	2	5	28	9422
1.802	1	15	181	3	5	28	9422
1.803	1	2	181	4	7	28	4587
1.803	1	15	181	4	5	28	4587
1.804	1	2	181	5	7	28	9422
1.805	1	2	181	6	7	28	9422
1.806	1	2	181	7	7	28	9422
1.807	1	2	181	8	7	28	9422
1.808	1	2	181	9	7	28	9422
1.809	1	2	181	10	7	28	9422
1.81	1	2	182	1	7	28	9422
1.811	1	2	182	2	7	28	9422
1.812	1	2	182	3	7	28	9422
1.813	1	2	182	4	7	28	9422
1.814	1	2	182	5	7	28	9422
1.815	1	2	182	6	7	28	9422
1.816	1	2	182	7	7	28	9422
1.817	1	14	182	8	15	28	9422
1.818	1	14	182	9	15	28	9422
1.819	1	14	182	10	15	28	9422
1.82	1	14	183	1	15	28	9422
1.821	1	14	183	2	15	28	9422
1.822	1	14	183	3	15	28	9422
1.823	1	14	183	4	15	28	9422
1.824	1	14	183	5	15	28	9422
1.825	1	14	183	6	15	28	9422
1.826	1	14	183	7	15	28	9422
1.827	1	14	183	8	15	28	9422
1.828	1	14	183	9	15	28	9422
1.829	1	14	183	10	15	28	9422
1.83	1	1	184	1	10	28	9422
1.831	1	1	184	2	10	28	9422
1.832	1	1	184	3	10	28	9422
1.833	1	1	184	4	10	28	9422
1.834	1	1	184	5	10	28	9422
1.835	1	1	184	6	10	28	9422
1.836	1	1	184	7	10	28	9422
1.837	1	1	184	8	10	28	9422
1.838	1	1	184	9	10	28	9422
1.839	1	1	184	10	10	28	9422
1.84	1	1	185	1	10	28	9422
1.841	1	1	185	2	10	28	9422
1.842	1	1	185	3	10	28	9422
1.843	1	7	185	4	1	28	4587
1.843	1	1	185	4	10	28	4587
1.844	1	7	185	5	1	28	9422
1.845	1	7	185	6	1	28	9422
1.846	1	7	185	7	1	28	9422
1.847	1	7	185	8	1	28	9422
1.848	1	7	185	9	1	28	9422
1.849	1	7	185	10	1	28	9422
1.85	1	7	186	1	1	28	9422
1.851	1	7	186	2	1	28	9422
1.852	1	7	186	3	1	28	9422
1.853	1	7	186	4	1	28	9422
1.854	1	7	186	5	1	28	9422
1.855	1	7	186	6	1	28	9422
1.856	1	7	186	7	1	28	9422
1.857	1	8	186	8	11	28	4587
1.857	1	7	186	8	1	28	4587
1.858	1	8	186	9	11	28	9422
1.859	1	8	186	10	11	28	9422
1.86	1	8	187	1	11	28	9422
1.861	1	8	187	2	11	28	9422
1.862	1	8	187	3	11	28	9422
1.863	1	8	187	4	11	28	9422
1.864	1	8	187	5	11	28	9422
1.865	1	8	187	6	11	28	9422
1.866	1	8	187	7	11	28	9422
1.867	1	8	187	8	11	28	9422
1.868	1	8	187	9	11	28	9422
1.869	1	8	187	10	11	28	9422
1.87	1	8	188	1	11	28	9422
1.871	1	9	188	2	6	28	9422
1.872	1	9	188	3	6	28	9422
1.873	1	9	188	4	6	28	9422
1.874	1	9	188	5	6	28	9422
1.875	1	9	188	6	6	28	9422
1.876	1	9	188	7	6	28	9422
1.877	1	9	188	8	6	28	9422
1.878	1	9	188	9	6	28	9422
1.879	1	9	188	10	6	28	9422
1.88	1	9	189	1	6	28	9422
1.881	1	9	189	2	6	28	9422
1.882	1	9	189	3	6	28	9422
1.883	1	9	189	4	6	28	9422
1.884	1	3	189	5	2	28	9422
1.885	1	3	189	6	2	28	9422
1.886	1	3	189	7	2	28	9422
1.887	1	3	189	8	2	28	9422
1.888	1	3	189	9	2	28	9422
1.889	1	3	189	10	2	28	9422
1.89	1	3	190	1	2	28	9422
1.891	1	3	190	2	2	28	9422
1.892	1	3	190	3	2	28	9422
1.893	1	3	190	4	2	28	9422
1.894	1	3	190	5	2	28	9422
1.895	1	3	190	6	2	28	9422
1.896	1	3	190	7	2	28	9422
1.897	1	3	190	8	2	28	9422
1.898	1	3	190	9	2	28	9422
1.899	1	3	190	10	2	28	9422
1.9	1	3	191	1	2	28	9422
1.901	1	3	191	2	2	28	9422
1.902	1	3	191	3	2	28	9422
1.903	1	3	191	4	2	28	9422
1.904	1	10	191	5	8	28	9422
1.905	1	10	191	6	8	28	9422
1.906	1	10	191	7	8	28	9422
1.907	1	10	191	8	8	28	9422
1.908	1	10	191	9	8	28	9422
1.909	1	10	191	10	8	28	9422
1.91	1	10	192	1	8	28	9422
1.911	1	10	192	2	8	28	9422
1.912	1	10	192	3	8	28	9422
1.913	1	10	192	4	8	28	9422
1.914	1	10	192	5	8	28	9422
1.915	1	10	192	6	8	28	9422
1.916	1	10	192	7	8	28	9422
1.917	1	10	192	8	8	28	9422
1.918	1	10	192	9	8	28	9422
1.919	1	10	192	10	8	28	9422
1.92	1	10	193	1	8	28	9422
1.921	1	10	193	2	8	28	9422
1.922	1	10	193	3	8	28	9422
1.923	1	10	193	4	8	28	9422
1.924	1	4	193	5	13	28	9422
1.925	1	4	193	6	13	28	9422
1.926	1	4	193	7	13	28	9422
1.927	1	4	193	8	13	28	9422
1.928	1	4	193	9	13	28	9422
1.929	1	4	193	10	13	28	9422
1.93	1	4	194	1	13	28	9422
1.931	1	4	194	2	13	28	9422
1.932	1	4	194	3	13	28	9422
1.933	1	4	194	4	13	28	9422
1.934	1	4	194	5	13	28	9422
1.935	1	4	194	6	13	28	9422
1.936	1	4	194	7	13	28	9422
1.937	1	4	194	8	13	28	9422
1.938	1	4	194	9	13	28	9422
1.939	1	4	194	10	13	28	9422
1.94	1	4	195	1	13	28	9422
1.941	1	4	195	2	13	28	9422
1.942	1	4	195	3	13	28	9422
1.943	1	5	195	4	4	28	4587
1.943	1	4	195	4	13	28	4587
1.944	1	5	195	5	4	28	9422
1.945	1	5	195	6	4	28	9422
1.946	1	5	195	7	4	28	9422
1.947	1	5	195	8	4	28	9422
1.948	1	5	195	9	4	28	9422
1.949	1	5	195	10	4	28	9422
1.95	1	5	196	1	4	28	9422
1.951	1	5	196	2	4	28	9422
1.952	1	5	196	3	4	28	9422
1.953	1	5	196	4	4	28	9422
1.954	1	5	196	5	4	28	9422
1.955	1	5	196	6	4	28	9422
1.956	1	5	196	7	4	28	9422
1.957	1	5	196	8	4	28	9422
1.958	1	5	196	9	4	28	9422
1.959	1	5	196	10	4	28	9422
1.96	1	5	197	1	4	28	9422
1.961	1	5	197	2	4	28	9422
1.962	1	5	197	3	4	28	9422
1.963	1	11	197	4	12	28	4587
1.963	1	5	197	4	4	28	4587
1.964	1	11	197	5	12	28	9422
1.965	1	11	197	6	12	28	9422
1.966	1	11	197	7	12	28	9422
1.967	1	11	197	8	12	28	9422
1.968	1	11	197	9	12	28	9422
1.969	1	11	197	10	12	28	9422
1.97	1	11	198	1	12	28	9422
1.971	1	11	198	2	12	28	9422
1.972	1	11	198	3	12	28	9422
1.973	1	11	198	4	12	28	9422
1.974	1	11	198	5	12	28	9422
1.975	1	11	198	6	12	28	9422
1.976	1	11	198	7	12	28	9422
1.977	1	11	198	8	12	28	9422
1.978	1	11	198	9	12	28	9422
1.979	1	11	198	10	12	28	9422
1.98	1	11	199	1	12	28	9422
1.981	1	11	199	2	12	28	9422
1.982	1	11	199	3	12	28	9422
1.983	1	12	199	4	14	28	9422
1.984	1	12	199	5	14	28	9422
1.985	1	12	199	6	14	28	9422
1.986	1	12	199	7	14	28	9422
1.987	1	12	199	8	14	28	9422
1.988	1	12	199	9	14	28	9422
1.989	1	12	199	10	14	28	9422
1.99	1	12	200	1	14	28	9422
1.991	1	12	200	2	14	28	9422
1.992	1	12	200	3	14	28	9422
1.993	1	12	200	4	14	28	9422
1.994	1	12	200	5	14	28	9422
1.995	1	12	200	6	14	28	9422
1.996	1	12	200	7	14	28	9422
1.997	1	12	200	8	14	28	9422
1.998	1	12	200	9	14	28	9422
1.999	1	12	200	10	14	28	9422
2	1	12	201	1	14	28	9422
2.001	1	12	201	2	14	28	9422
2.002	1	12	201	3	14	28	9422
2.003	1	15	201	4	5	28	9422
2.004	1	15	201	5	5	28	9422
2.005	1	15	201	6	5	28	9422
2.006	1	15	201	7	5	28	9422
2.007	1	15	201	8	5	28	9422
2.008	1	15	201	9	5	28	9422
2.009	1	15	201	10	5	28	9422
2.01	1	15	202	1	5	28	9422
2.011	1	15	202	2	5	28	9422
2.012	1	15	202	3	5	28	9422
2.013	1	15	202	4	5	28	9422
2.014	1	15	202	5	5	28	9422
2.015	1	15	202	6	5	28	9422
2.016	1	2	202	7	7	28	4587
2.016	1	15	202	7	5	28	4587
2.017	1	15	202	8	5	28	9422
2.018	1	15	202	9	5	28	9422
2.019	1	15	202	10	5	28	9422
2.02	1	15	203	1	5	28	9422
2.021	1	15	203	2	5	28	9422
2.022	1	15	203	3	5	28	9422
2.023	1	2	203	4	7	28	9422
2.024	1	2	203	5	7	28	9422
2.025	1	2	203	6	7	28	9422
2.026	1	2	203	7	7	28	9422
2.027	1	2	203	8	7	28	9422
2.028	1	2	203	9	7	28	9422
2.029	1	2	203	10	7	28	9422
2.03	1	14	204	1	15	28	4587
2.03	1	2	204	1	7	28	4587
2.031	1	2	204	2	7	28	9422
2.032	1	2	204	3	7	28	9422
2.033	1	2	204	4	7	28	9422
2.034	1	2	204	5	7	28	9422
2.035	1	2	204	6	7	28	9422
2.036	1	2	204	7	7	28	9422
2.037	1	2	204	8	7	28	9422
2.038	1	2	204	9	7	28	9422
2.039	1	2	204	10	7	28	9422
2.04	1	2	205	1	7	28	9422
2.041	1	2	205	2	7	28	9422
2.042	1	2	205	3	7	28	9422
2.043	1	1	205	4	10	28	4587
2.043	1	14	205	4	15	28	4587
2.044	1	14	205	5	15	28	9422
2.045	1	14	205	6	15	28	9422
2.046	1	14	205	7	15	28	9422
2.047	1	14	205	8	15	28	9422
2.048	1	14	205	9	15	28	9422
2.049	1	14	205	10	15	28	9422
2.05	1	14	206	1	15	28	9422
2.051	1	14	206	2	15	28	9422
2.052	1	14	206	3	15	28	9422
2.053	1	14	206	4	15	28	9422
2.054	1	14	206	5	15	28	9422
2.055	1	14	206	6	15	28	9422
2.056	1	14	206	7	15	28	9422
2.057	1	7	206	8	1	28	4587
2.057	1	14	206	8	15	28	4587
2.058	1	14	206	9	15	28	9422
2.059	1	14	206	10	15	28	9422
2.06	1	14	207	1	15	28	9422
2.061	1	14	207	2	15	28	9422
2.062	1	14	207	3	15	28	9422
2.063	1	1	207	4	10	28	9422
2.064	1	1	207	5	10	28	9422
2.065	1	1	207	6	10	28	9422
2.066	1	1	207	7	10	28	9422
2.067	1	1	207	8	10	28	9422
2.068	1	1	207	9	10	28	9422
2.069	1	1	207	10	10	28	9422
2.07	1	8	208	1	11	28	4587
2.07	1	1	208	1	10	28	4587
2.071	1	1	208	2	10	28	9422
2.072	1	1	208	3	10	28	9422
2.073	1	1	208	4	10	28	9422
2.074	1	1	208	5	10	28	9422
2.075	1	1	208	6	10	28	9422
2.076	1	1	208	7	10	28	9422
2.077	1	1	208	8	10	28	9422
2.078	1	1	208	9	10	28	9422
2.079	1	1	208	10	10	28	9422
2.08	1	1	209	1	10	28	9422
2.081	1	1	209	2	10	28	9422
2.082	1	1	209	3	10	28	9422
2.083	1	7	209	4	1	28	9422
2.084	1	9	209	5	6	28	4587
2.084	1	7	209	5	1	28	4587
2.085	1	7	209	6	1	28	9422
2.086	1	7	209	7	1	28	9422
2.087	1	7	209	8	1	28	9422
2.088	1	7	209	9	1	28	9422
2.089	1	7	209	10	1	28	9422
2.09	1	7	210	1	1	28	9422
2.091	1	7	210	2	1	28	9422
2.092	1	7	210	3	1	28	9422
2.093	1	7	210	4	1	28	9422
2.094	1	7	210	5	1	28	9422
2.095	1	7	210	6	1	28	9422
2.096	1	7	210	7	1	28	9422
2.097	1	7	210	8	1	28	9422
2.098	1	7	210	9	1	28	9422
2.099	1	7	210	10	1	28	9422
2.1	1	7	211	1	1	28	9422
2.101	1	7	211	2	1	28	9422
2.102	1	7	211	3	1	28	9422
2.103	1	3	211	4	2	28	4587
2.103	1	8	211	4	11	28	4587
2.104	1	8	211	5	11	28	9422
2.105	1	8	211	6	11	28	9422
2.106	1	8	211	7	11	28	9422
2.107	1	8	211	8	11	28	9422
2.108	1	8	211	9	11	28	9422
2.109	1	8	211	10	11	28	9422
2.11	1	8	212	1	11	28	9422
2.111	1	8	212	2	11	28	9422
2.112	1	8	212	3	11	28	9422
2.113	1	8	212	4	11	28	9422
2.114	1	8	212	5	11	28	9422
2.115	1	8	212	6	11	28	9422
2.116	1	8	212	7	11	28	9422
2.117	1	8	212	8	11	28	9422
2.118	1	8	212	9	11	28	9422
2.119	1	8	212	10	11	28	9422
2.12	1	8	213	1	11	28	9422
2.121	1	8	213	2	11	28	9422
2.122	1	8	213	3	11	28	9422
2.123	1	9	213	4	6	28	4587
2.123	1	10	213	4	8	28	4587
2.124	1	9	213	5	6	28	9422
2.125	1	9	213	6	6	28	9422
2.126	1	9	213	7	6	28	9422
2.127	1	9	213	8	6	28	9422
2.128	1	9	213	9	6	28	9422
2.129	1	9	213	10	6	28	9422
2.13	1	9	214	1	6	28	9422
2.131	1	9	214	2	6	28	9422
2.132	1	9	214	3	6	28	9422
2.133	1	9	214	4	6	28	9422
2.134	1	9	214	5	6	28	9422
2.135	1	9	214	6	6	28	9422
2.136	1	9	214	7	6	28	9422
2.137	1	9	214	8	6	28	9422
2.138	1	9	214	9	6	28	9422
2.139	1	9	214	10	6	28	9422
2.14	1	9	215	1	6	28	9422
2.141	1	9	215	2	6	28	9422
2.142	1	9	215	3	6	28	9422
2.143	1	4	215	4	13	28	4587
2.143	1	3	215	4	2	28	4587
2.144	1	3	215	5	2	28	9422
2.145	1	3	215	6	2	28	9422
2.146	1	3	215	7	2	28	9422
2.147	1	3	215	8	2	28	9422
2.148	1	3	215	9	2	28	9422
2.149	1	3	215	10	2	28	9422
2.15	1	3	216	1	2	28	9422
2.151	1	3	216	2	2	28	9422
2.152	1	3	216	3	2	28	9422
2.153	1	3	216	4	2	28	9422
2.154	1	3	216	5	2	28	9422
2.155	1	3	216	6	2	28	9422
2.156	1	3	216	7	2	28	9422
2.157	1	3	216	8	2	28	9422
2.158	1	3	216	9	2	28	9422
2.159	1	3	216	10	2	28	9422
2.16	1	3	217	1	2	28	9422
2.161	1	3	217	2	2	28	9422
2.162	1	3	217	3	2	28	9422
2.163	1	5	217	4	4	28	4587
2.163	1	3	217	4	2	28	4587
2.164	1	3	217	5	2	28	9422
2.165	1	3	217	6	2	28	9422
2.166	1	3	217	7	2	28	9422
2.167	1	3	217	8	2	28	9422
2.168	1	3	217	9	2	28	9422
2.169	1	3	217	10	2	28	9422
2.17	1	3	218	1	2	28	9422
2.171	1	3	218	2	2	28	9422
2.172	1	3	218	3	2	28	9422
2.173	1	10	218	4	8	28	9422
2.174	1	10	218	5	8	28	9422
2.175	1	10	218	6	8	28	9422
2.176	1	10	218	7	8	28	9422
2.177	1	10	218	8	8	28	9422
2.178	1	10	218	9	8	28	9422
2.179	1	10	218	10	8	28	9422
2.18	1	10	219	1	8	28	9422
2.181	1	10	219	2	8	28	9422
2.182	1	10	219	3	8	28	9422
2.183	1	11	219	4	12	28	4587
2.183	1	10	219	4	8	28	4587
2.184	1	10	219	5	8	28	9422
2.185	1	10	219	6	8	28	9422
2.186	1	10	219	7	8	28	9422
2.187	1	10	219	8	8	28	9422
2.188	1	10	219	9	8	28	9422
2.189	1	10	219	10	8	28	9422
2.19	1	10	220	1	8	28	9422
2.191	1	10	220	2	8	28	9422
2.192	1	10	220	3	8	28	9422
2.193	1	10	220	4	8	28	9422
2.194	1	10	220	5	8	28	9422
2.195	1	10	220	6	8	28	9422
2.196	1	10	220	7	8	28	9422
2.197	1	10	220	8	8	28	9422
2.198	1	10	220	9	8	28	9422
2.199	1	10	220	10	8	28	9422
2.2	1	10	221	1	8	28	9422
2.201	1	10	221	2	8	28	9422
2.202	1	10	221	3	8	28	9422
2.203	1	4	221	4	13	28	3062
2.203	1	12	221	4	14	28	3062
2.203	1	10	221	4	8	28	3062
2.204	1	4	221	5	13	28	9422
2.205	1	4	221	6	13	28	9422
2.206	1	4	221	7	13	28	9422
2.207	1	4	221	8	13	28	9422
2.208	1	4	221	9	13	28	9422
2.209	1	4	221	10	13	28	9422
2.21	1	4	222	1	13	28	9422
2.211	1	4	222	2	13	28	9422
2.212	1	4	222	3	13	28	9422
2.213	1	4	222	4	13	28	9422
2.214	1	4	222	5	13	28	9422
2.215	1	4	222	6	13	28	9422
2.216	1	4	222	7	13	28	9422
2.217	1	4	222	8	13	28	9422
2.218	1	4	222	9	13	28	9422
2.219	1	4	222	10	13	28	9422
2.22	1	4	223	1	13	28	9422
2.221	1	4	223	2	13	28	9422
2.222	1	4	223	3	13	28	9422
2.223	1	4	223	4	13	28	9422
2.224	1	4	223	5	13	28	9422
2.225	1	4	223	6	13	28	9422
2.226	1	4	223	7	13	28	9422
2.227	1	4	223	8	13	28	9422
2.228	1	4	223	9	13	28	9422
2.229	1	4	223	10	13	28	9422
2.23	1	4	224	1	13	28	9422
2.231	1	4	224	2	13	28	9422
2.232	1	4	224	3	13	28	9422
2.233	1	5	224	4	4	28	4587
2.233	1	4	224	4	13	28	4587
2.234	1	5	224	5	4	28	9422
2.235	1	5	224	6	4	28	9422
2.236	1	5	224	7	4	28	9422
2.237	1	5	224	8	4	28	9422
2.238	1	5	224	9	4	28	9422
2.239	1	5	224	10	4	28	9422
2.24	1	5	225	1	4	28	9422
2.241	1	5	225	2	4	28	9422
2.242	1	5	225	3	4	28	9422
2.243	1	5	225	4	4	28	9422
2.244	1	5	225	5	4	28	9422
2.245	1	5	225	6	4	28	9422
2.246	1	5	225	7	4	28	9422
2.247	1	5	225	8	4	28	9422
2.248	1	5	225	9	4	28	9422
2.249	1	5	225	10	4	28	9422
2.25	1	5	226	1	4	28	9422
2.251	1	5	226	2	4	28	9422
2.252	1	5	226	3	4	28	9422
2.253	1	5	226	4	4	28	9422
2.254	1	5	226	5	4	28	9422
2.255	1	5	226	6	4	28	9422
2.256	1	5	226	7	4	28	9422
2.257	1	5	226	8	4	28	9422
2.258	1	5	226	9	4	28	9422
2.259	1	5	226	10	4	28	9422
2.26	1	5	227	1	4	28	9422
2.261	1	5	227	2	4	28	9422
2.262	1	5	227	3	4	28	9422
2.263	1	5	227	4	4	28	9422
2.264	1	11	227	5	12	28	9422
2.265	1	11	227	6	12	28	9422
2.266	1	11	227	7	12	28	9422
2.267	1	11	227	8	12	28	9422
2.268	1	11	227	9	12	28	9422
2.269	1	11	227	10	12	28	9422
2.27	1	11	228	1	12	28	9422
2.271	1	11	228	2	12	28	9422
2.272	1	11	228	3	12	28	9422
2.273	1	11	228	4	12	28	9422
2.274	1	11	228	5	12	28	9422
2.275	1	11	228	6	12	28	9422
2.276	1	11	228	7	12	28	9422
2.277	1	11	228	8	12	28	9422
2.278	1	11	228	9	12	28	9422
2.279	1	11	228	10	12	28	9422
2.28	1	11	229	1	12	28	9422
2.281	1	11	229	2	12	28	9422
2.282	1	11	229	3	12	28	9422
2.283	1	11	229	4	12	28	9422
2.284	1	11	229	5	12	28	9422
2.285	1	11	229	6	12	28	9422
2.286	1	11	229	7	12	28	9422
2.287	1	11	229	8	12	28	9422
2.288	1	11	229	9	12	28	9422
2.289	1	11	229	10	12	28	9422
2.29	1	11	230	1	12	28	9422
2.291	1	11	230	2	12	28	9422
2.292	1	11	230	3	12	28	9422
2.293	1	11	230	4	12	28	9422
2.294	1	12	230	5	14	28	9422
2.295	1	12	230	6	14	28	9422
2.296	1	12	230	7	14	28	9422
2.297	1	12	230	8	14	28	9422
2.298	1	12	230	9	14	28	9422
2.299	1	12	230	10	14	28	9422
2.3	1	12	231	1	14	28	9422
2.301	1	12	231	2	14	28	9422
2.302	1	12	231	3	14	28	9422
2.303	1	12	231	4	14	28	9422
2.304	1	12	231	5	14	28	9422
2.305	1	12	231	6	14	28	9422
2.306	1	12	231	7	14	28	9422
2.307	1	12	231	8	14	28	9422
2.308	1	12	231	9	14	28	9422
2.309	1	12	231	10	14	28	9422
2.31	1	12	232	1	14	28	9422
2.311	1	12	232	2	14	28	9422
2.312	1	12	232	3	14	28	9422
2.313	1	12	232	4	14	28	9422
2.314	1	12	232	5	14	28	9422
2.315	1	12	232	6	14	28	9422
2.316	1	12	232	7	14	28	9422
2.317	1	12	232	8	14	28	9422
2.318	1	12	232	9	14	28	9422
2.319	1	12	232	10	14	28	9422
2.32	1	12	233	1	14	28	9422
2.321	1	12	233	2	14	28	9422
2.322	1	12	233	3	14	28	9422
2.323	1	12	233	4	14	28	9422
2.324	1	15	233	5	5	28	4587
2.324	1	12	233	5	14	28	4587
2.325	1	15	233	6	5	28	9422
2.326	1	15	233	7	5	28	9422
2.327	1	15	233	8	5	28	9422
2.328	1	15	233	9	5	28	9422
2.329	1	15	233	10	5	28	9422
2.33	1	15	234	1	5	28	9422
2.331	1	15	234	2	5	28	9422
2.332	1	15	234	3	5	28	9422
2.333	1	15	234	4	5	28	9422
2.334	1	15	234	5	5	28	9422
2.335	1	15	234	6	5	28	9422
2.336	1	15	234	7	5	28	9422
2.337	1	15	234	8	5	28	9422
2.338	1	15	234	9	5	28	9422
2.339	1	15	234	10	5	28	9422
2.34	1	15	235	1	5	28	9422
2.341	1	15	235	2	5	28	9422
2.342	1	15	235	3	5	28	9422
2.343	1	15	235	4	5	28	9422
2.344	1	15	235	5	5	28	9422
2.345	1	15	235	6	5	28	9422
2.346	1	15	235	7	5	28	9422
2.347	1	15	235	8	5	28	9422
2.348	1	15	235	9	5	28	9422
2.349	1	15	235	10	5	28	9422
2.35	1	15	236	1	5	28	9422
2.351	1	15	236	2	5	28	9422
2.352	1	15	236	3	5	28	9422
2.353	1	15	236	4	5	28	9422
2.354	1	2	236	5	7	28	4587
2.354	1	15	236	5	5	28	4587
2.355	1	2	236	6	7	28	9422
2.356	1	2	236	7	7	28	9422
2.357	1	2	236	8	7	28	9422
2.358	1	2	236	9	7	28	9422
2.359	1	2	236	10	7	28	9422
2.36	1	2	237	1	7	28	9422
2.361	1	2	237	2	7	28	9422
2.362	1	2	237	3	7	28	9422
2.363	1	2	237	4	7	28	9422
2.364	1	2	237	5	7	28	9422
2.365	1	2	237	6	7	28	9422
2.366	1	2	237	7	7	28	9422
2.367	1	2	237	8	7	28	9422
2.368	1	2	237	9	7	28	9422
2.369	1	2	237	10	7	28	9422
2.37	1	2	238	1	7	28	9422
2.371	1	2	238	2	7	28	9422
2.372	1	2	238	3	7	28	9422
2.373	1	3	238	4	2	28	4587
2.373	1	2	238	4	7	28	4587
2.374	1	2	238	5	7	28	9422
2.375	1	2	238	6	7	28	9422
2.376	1	2	238	7	7	28	9422
2.377	1	2	238	8	7	28	9422
2.378	1	2	238	9	7	28	9422
2.379	1	2	238	10	7	28	9422
2.38	1	2	239	1	7	28	9422
2.381	1	2	239	2	7	28	9422
2.382	1	2	239	3	7	28	9422
2.383	1	2	239	4	7	28	9422
2.384	1	2	239	5	7	28	9422
2.385	1	14	239	6	15	28	9422
2.386	1	14	239	7	15	28	9422
2.387	1	14	239	8	15	28	9422
2.388	1	14	239	9	15	28	9422
2.389	1	14	239	10	15	28	9422
2.39	1	14	240	1	15	28	9422
2.391	1	14	240	2	15	28	9422
2.392	1	14	240	3	15	28	9422
2.393	1	14	240	4	15	28	9422
2.394	1	14	240	5	15	28	9422
2.395	1	14	240	6	15	28	9422
2.396	1	14	240	7	15	28	9422
2.397	1	14	240	8	15	28	9422
2.398	1	14	240	9	15	28	9422
2.399	1	14	240	10	15	28	9422
2.4	1	14	241	1	15	28	9422
2.401	1	14	241	2	15	28	9422
2.402	1	14	241	3	15	28	9422
2.403	1	10	241	4	8	28	4587
2.403	1	14	241	4	15	28	4587
2.404	1	14	241	5	15	28	9422
2.405	1	14	241	6	15	28	9422
2.406	1	14	241	7	15	28	9422
2.407	1	14	241	8	15	28	9422
2.408	1	14	241	9	15	28	9422
2.409	1	14	241	10	15	28	9422
2.41	1	14	242	1	15	28	9422
2.411	1	14	242	2	15	28	9422
2.412	1	14	242	3	15	28	9422
2.413	1	14	242	4	15	28	9422
2.414	1	14	242	5	15	28	9422
2.415	1	1	242	6	10	28	9422
2.416	1	1	242	7	10	28	9422
2.417	1	1	242	8	10	28	9422
2.418	1	1	242	9	10	28	9422
2.419	1	1	242	10	10	28	9422
2.42	1	1	243	1	10	28	9422
2.421	1	1	243	2	10	28	9422
2.422	1	1	243	3	10	28	9422
2.423	1	1	243	4	10	28	9422
2.424	1	1	243	5	10	28	9422
2.425	1	1	243	6	10	28	9422
2.426	1	1	243	7	10	28	9422
2.427	1	1	243	8	10	28	9422
2.428	1	1	243	9	10	28	9422
2.429	1	1	243	10	10	28	9422
2.43	1	1	244	1	10	28	9422
2.431	1	1	244	2	10	28	9422
2.432	1	1	244	3	10	28	9422
2.433	1	4	244	4	13	28	4587
2.433	1	1	244	4	10	28	4587
2.434	1	1	244	5	10	28	9422
2.435	1	1	244	6	10	28	9422
2.436	1	1	244	7	10	28	9422
2.437	1	1	244	8	10	28	9422
2.438	1	1	244	9	10	28	9422
2.439	1	1	244	10	10	28	9422
2.44	1	1	245	1	10	28	9422
2.441	1	1	245	2	10	28	9422
2.442	1	1	245	3	10	28	9422
2.443	1	1	245	4	10	28	9422
2.444	1	1	245	5	10	28	9422
2.445	1	7	245	6	1	28	9422
2.446	1	7	245	7	1	28	9422
2.447	1	7	245	8	1	28	9422
2.448	1	7	245	9	1	28	9422
2.449	1	7	245	10	1	28	9422
2.45	1	7	246	1	1	28	9422
2.451	1	7	246	2	1	28	9422
2.452	1	7	246	3	1	28	9422
2.453	1	7	246	4	1	28	9422
2.454	1	7	246	5	1	28	9422
2.455	1	7	246	6	1	28	9422
2.456	1	7	246	7	1	28	9422
2.457	1	7	246	8	1	28	9422
2.458	1	7	246	9	1	28	9422
2.459	1	7	246	10	1	28	9422
2.46	1	7	247	1	1	28	9422
2.461	1	7	247	2	1	28	9422
2.462	1	7	247	3	1	28	9422
2.463	1	5	247	4	4	28	4587
2.463	1	7	247	4	1	28	4587
2.464	1	7	247	5	1	28	9422
2.465	1	7	247	6	1	28	9422
2.466	1	7	247	7	1	28	9422
2.467	1	7	247	8	1	28	9422
2.468	1	7	247	9	1	28	9422
2.469	1	7	247	10	1	28	9422
2.47	1	7	248	1	1	28	9422
2.471	1	7	248	2	1	28	9422
2.472	1	7	248	3	1	28	9422
2.473	1	7	248	4	1	28	9422
2.474	1	7	248	5	1	28	9422
2.475	1	8	248	6	11	28	9422
2.476	1	8	248	7	11	28	9422
2.477	1	8	248	8	11	28	9422
2.478	1	8	248	9	11	28	9422
2.479	1	8	248	10	11	28	9422
2.48	1	8	249	1	11	28	9422
2.481	1	8	249	2	11	28	9422
2.482	1	8	249	3	11	28	9422
2.483	1	8	249	4	11	28	9422
2.484	1	8	249	5	11	28	9422
2.485	1	8	249	6	11	28	9422
2.486	1	8	249	7	11	28	9422
2.487	1	8	249	8	11	28	9422
2.488	1	8	249	9	11	28	9422
2.489	1	8	249	10	11	28	9422
2.49	1	8	250	1	11	28	9422
2.491	1	8	250	2	11	28	9422
2.492	1	8	250	3	11	28	9422
2.493	1	11	250	4	12	28	4587
2.493	1	8	250	4	11	28	4587
2.494	1	8	250	5	11	28	9422
2.495	1	8	250	6	11	28	9422
2.496	1	8	250	7	11	28	9422
2.497	1	8	250	8	11	28	9422
2.498	1	8	250	9	11	28	9422
2.499	1	8	250	10	11	28	9422
2.5	1	8	251	1	11	28	9422
2.501	1	8	251	2	11	28	9422
2.502	1	8	251	3	11	28	9422
2.503	1	8	251	4	11	28	9422
2.504	1	8	251	5	11	28	9422
2.505	1	9	251	6	6	28	4587
2.505	1	8	251	6	11	28	4587
2.506	1	9	251	7	6	28	9422
2.507	1	9	251	8	6	28	9422
2.508	1	9	251	9	6	28	9422
2.509	1	9	251	10	6	28	9422
2.51	1	9	252	1	6	28	9422
2.511	1	9	252	2	6	28	9422
2.512	1	9	252	3	6	28	9422
2.513	1	9	252	4	6	28	9422
2.514	1	9	252	5	6	28	9422
2.515	1	9	252	6	6	28	9422
2.516	1	9	252	7	6	28	9422
2.517	1	9	252	8	6	28	9422
2.518	1	9	252	9	6	28	9422
2.519	1	9	252	10	6	28	9422
2.52	1	9	253	1	6	28	9422
2.521	1	9	253	2	6	28	9422
2.522	1	9	253	3	6	28	9422
2.523	1	9	253	4	6	28	9422
2.524	1	12	253	5	14	28	4587
2.524	1	9	253	5	6	28	4587
2.525	1	9	253	6	6	28	9422
2.526	1	9	253	7	6	28	9422
2.527	1	9	253	8	6	28	9422
2.528	1	9	253	9	6	28	9422
2.529	1	9	253	10	6	28	9422
2.53	1	9	254	1	6	28	9422
2.531	1	9	254	2	6	28	9422
2.532	1	9	254	3	6	28	9422
2.533	1	9	254	4	6	28	9422
2.534	1	9	254	5	6	28	9422
2.535	1	3	254	6	2	28	4587
2.535	1	9	254	6	6	28	4587
2.536	1	3	254	7	2	28	9422
2.537	1	3	254	8	2	28	9422
2.538	1	3	254	9	2	28	9422
2.539	1	3	254	10	2	28	9422
2.54	1	3	255	1	2	28	9422
2.541	1	3	255	2	2	28	9422
2.542	1	3	255	3	2	28	9422
2.543	1	3	255	4	2	28	9422
2.544	1	3	255	5	2	28	9422
2.545	1	3	255	6	2	28	9422
2.546	1	3	255	7	2	28	9422
2.547	1	3	255	8	2	28	9422
2.548	1	3	255	9	2	28	9422
2.549	1	3	255	10	2	28	9422
2.55	1	3	256	1	2	28	9422
2.551	1	3	256	2	2	28	9422
2.552	1	3	256	3	2	28	9422
2.553	1	3	256	4	2	28	9422
2.554	1	15	256	5	5	28	4587
2.554	1	3	256	5	2	28	4587
2.555	1	3	256	6	2	28	9422
2.556	1	3	256	7	2	28	9422
2.557	1	3	256	8	2	28	9422
2.558	1	3	256	9	2	28	9422
2.559	1	3	256	10	2	28	9422
2.56	1	3	257	1	2	28	9422
2.561	1	3	257	2	2	28	9422
2.562	1	3	257	3	2	28	9422
2.563	1	3	257	4	2	28	9422
2.564	1	3	257	5	2	28	9422
2.565	1	3	257	6	2	28	9422
2.566	1	3	257	7	2	28	9422
2.567	1	3	257	8	2	28	9422
2.568	1	3	257	9	2	28	9422
2.569	1	3	257	10	2	28	9422
2.57	1	3	258	1	2	28	9422
2.571	1	3	258	2	2	28	9422
2.572	1	3	258	3	2	28	9422
2.573	1	3	258	4	2	28	9422
2.574	1	3	258	5	2	28	9422
2.575	1	3	258	6	2	28	9422
2.576	1	3	258	7	2	28	9422
2.577	1	3	258	8	2	28	9422
2.578	1	3	258	9	2	28	9422
2.579	1	3	258	10	2	28	9422
2.58	1	3	259	1	2	28	9422
2.581	1	3	259	2	2	28	9422
2.582	1	3	259	3	2	28	9422
2.583	1	3	259	4	2	28	9422
2.584	1	2	259	5	7	28	4587
2.584	1	3	259	5	2	28	4587
2.585	1	3	259	6	2	28	9422
2.586	1	3	259	7	2	28	9422
2.587	1	3	259	8	2	28	9422
2.588	1	3	259	9	2	28	9422
2.589	1	3	259	10	2	28	9422
2.59	1	3	260	1	2	28	9422
2.591	1	3	260	2	2	28	9422
2.592	1	3	260	3	2	28	9422
2.593	1	3	260	4	2	28	9422
2.594	1	3	260	5	2	28	9422
2.595	1	3	260	6	2	28	9422
2.596	1	3	260	7	2	28	9422
2.597	1	3	260	8	2	28	9422
2.598	1	3	260	9	2	28	9422
2.599	1	3	260	10	2	28	9422
2.6	1	3	261	1	2	28	9422
2.601	1	3	261	2	2	28	9422
2.602	1	3	261	3	2	28	9422
2.603	1	3	261	4	2	28	9422
2.604	1	3	261	5	2	28	9422
2.605	1	3	261	6	2	28	9422
2.606	1	3	261	7	2	28	9422
2.607	1	3	261	8	2	28	9422
2.608	1	3	261	9	2	28	9422
2.609	1	3	261	10	2	28	9422
2.61	1	3	262	1	2	28	9422
2.611	1	3	262	2	2	28	9422
2.612	1	3	262	3	2	28	9422
2.613	1	3	262	4	2	28	9422
2.614	1	14	262	5	15	28	4587
2.614	1	3	262	5	2	28	4587
2.615	1	3	262	6	2	28	9422
2.616	1	3	262	7	2	28	9422
2.617	1	3	262	8	2	28	9422
2.618	1	3	262	9	2	28	9422
2.619	1	3	262	10	2	28	9422
2.62	1	3	263	1	2	28	9422
2.621	1	3	263	2	2	28	9422
2.622	1	3	263	3	2	28	9422
2.623	1	3	263	4	2	28	9422
2.624	1	3	263	5	2	28	9422
2.625	1	3	263	6	2	28	9422
2.626	1	3	263	7	2	28	9422
2.627	1	3	263	8	2	28	9422
2.628	1	3	263	9	2	28	9422
2.629	1	3	263	10	2	28	9422
2.63	1	3	264	1	2	28	9422
2.631	1	3	264	2	2	28	9422
2.632	1	3	264	3	2	28	9422
2.633	1	3	264	4	2	28	9422
2.634	1	3	264	5	2	28	9422
2.635	1	3	264	6	2	28	9422
2.636	1	3	264	7	2	28	9422
2.637	1	3	264	8	2	28	9422
2.638	1	3	264	9	2	28	9422
2.639	1	3	264	10	2	28	9422
2.64	1	3	265	1	2	28	9422
2.641	1	3	265	2	2	28	9422
2.642	1	3	265	3	2	28	9422
2.643	1	3	265	4	2	28	9422
2.644	1	1	265	5	10	28	4587
2.644	1	3	265	5	2	28	4587
2.645	1	3	265	6	2	28	9422
2.646	1	3	265	7	2	28	9422
2.647	1	3	265	8	2	28	9422
2.648	1	3	265	9	2	28	9422
2.649	1	3	265	10	2	28	9422
2.65	1	3	266	1	2	28	9422
2.651	1	3	266	2	2	28	9422
2.652	1	3	266	3	2	28	9422
2.653	1	3	266	4	2	28	9422
2.654	1	3	266	5	2	28	9422
2.655	1	3	266	6	2	28	9422
2.656	1	3	266	7	2	28	9422
2.657	1	3	266	8	2	28	9422
2.658	1	3	266	9	2	28	9422
2.659	1	3	266	10	2	28	9422
2.66	1	3	267	1	2	28	9422
2.661	1	3	267	2	2	28	9422
2.662	1	3	267	3	2	28	9422
2.663	1	3	267	4	2	28	9422
2.664	1	3	267	5	2	28	9422
2.665	1	3	267	6	2	28	9422
2.666	1	3	267	7	2	28	9422
2.667	1	3	267	8	2	28	9422
2.668	1	3	267	9	2	28	9422
2.669	1	3	267	10	2	28	9422
2.67	1	3	268	1	2	28	9422
2.671	1	3	268	2	2	28	9422
2.672	1	3	268	3	2	28	9422
2.673	1	3	268	4	2	28	9422
2.674	1	3	268	5	2	28	9422
2.675	1	7	268	6	1	28	4587
2.675	1	3	268	6	2	28	4587
2.676	1	3	268	7	2	28	9422
2.677	1	3	268	8	2	28	9422
2.678	1	3	268	9	2	28	9422
2.679	1	3	268	10	2	28	9422
2.68	1	3	269	1	2	28	9422
2.681	1	3	269	2	2	28	9422
2.682	1	3	269	3	2	28	9422
2.683	1	3	269	4	2	28	9422
2.684	1	3	269	5	2	28	9422
2.685	1	3	269	6	2	28	9422
2.686	1	3	269	7	2	28	9422
2.687	1	3	269	8	2	28	9422
2.688	1	3	269	9	2	28	9422
2.689	1	3	269	10	2	28	9422
2.69	1	3	270	1	2	28	9422
2.691	1	3	270	2	2	28	9422
2.692	1	3	270	3	2	28	9422
2.693	1	3	270	4	2	28	9422
2.694	1	3	270	5	2	28	9422
2.695	1	3	270	6	2	28	9422
2.696	1	3	270	7	2	28	9422
2.697	1	3	270	8	2	28	9422
2.698	1	3	270	9	2	28	9422
2.699	1	3	270	10	2	28	9422
2.7	1	3	271	1	2	28	9422
2.701	1	3	271	2	2	28	9422
2.702	1	3	271	3	2	28	9422
2.703	1	3	271	4	2	28	9422
2.704	1	3	271	5	2	28	9422
2.705	1	3	271	6	2	28	9422
2.706	1	3	271	7	2	28	9422
2.707	1	3	271	8	2	28	9422
2.708	1	3	271	9	2	28	9422
2.709	1	3	271	10	2	28	9422
2.71	1	3	272	1	2	28	9422
2.711	1	3	272	2	2	28	9422
2.712	1	3	272	3	2	28	9422
2.713	1	3	272	4	2	28	9422
2.714	1	3	272	5	2	28	9422
2.715	1	3	272	6	2	28	9422
2.716	1	3	272	7	2	28	9422
2.717	1	3	272	8	2	28	9422
2.718	1	3	272	9	2	28	9422
2.719	1	3	272	10	2	28	9422
2.72	1	3	273	1	2	28	9422
2.721	1	3	273	2	2	28	9422
2.722	1	3	273	3	2	28	9422
2.723	1	3	273	4	2	28	9422
2.724	1	3	273	5	2	28	9422
2.725	1	3	273	6	2	28	9422
2.726	1	3	273	7	2	28	9422
2.727	1	3	273	8	2	28	9422
2.728	1	3	273	9	2	28	9422
2.729	1	3	273	10	2	28	9422
2.73	1	3	274	1	2	28	9422
2.731	1	3	274	2	2	28	9422
2.732	1	3	274	3	2	28	9422
2.733	1	3	274	4	2	28	9422
2.734	1	3	274	5	2	28	9422
2.735	1	3	274	6	2	28	9422
2.736	1	3	274	7	2	28	9422
2.737	1	3	274	8	2	28	9422
2.738	1	3	274	9	2	28	9422
2.739	1	3	274	10	2	28	9422
2.74	1	3	275	1	2	28	9422
2.741	1	3	275	2	2	28	9422
2.742	1	3	275	3	2	28	9422
2.743	1	3	275	4	2	28	9422
2.744	1	3	275	5	2	28	9422
2.745	1	3	275	6	2	28	9422
2.746	1	3	275	7	2	28	9422
2.747	1	3	275	8	2	28	9422
2.748	1	3	275	9	2	28	9422
2.749	1	3	275	10	2	28	9422
2.75	1	3	276	1	2	28	9422
2.751	1	3	276	2	2	28	9422
2.752	1	3	276	3	2	28	9422
2.753	1	3	276	4	2	28	9422
2.754	1	3	276	5	2	28	9422
2.755	1	3	276	6	2	28	9422
2.756	1	3	276	7	2	28	9422
2.757	1	3	276	8	2	28	9422
2.758	1	3	276	9	2	28	9422
2.759	1	3	276	10	2	28	9422
2.76	1	3	277	1	2	28	9422
2.761	1	3	277	2	2	28	9422
2.762	1	3	277	3	2	28	9422
2.763	1	3	277	4	2	28	9422
2.764	1	3	277	5	2	28	9422
2.765	1	3	277	6	2	28	9422
2.766	1	3	277	7	2	28	9422
2.767	1	3	277	8	2	28	9422
2.768	1	3	277	9	2	28	9422
2.769	1	3	277	10	2	28	9422
2.77	1	3	278	1	2	28	9422
2.771	1	3	278	2	2	28	9422
2.772	1	3	278	3	2	28	9422
2.773	1	3	278	4	2	28	9422
2.774	1	3	278	5	2	28	9422
2.775	1	3	278	6	2	28	9422
2.776	1	3	278	7	2	28	9422
2.777	1	3	278	8	2	28	9422
2.778	1	3	278	9	2	28	9422
2.779	1	3	278	10	2	28	9422
2.78	1	3	279	1	2	28	9422
2.781	1	3	279	2	2	28	9422
2.782	1	3	279	3	2	28	9422
2.783	1	3	279	4	2	28	9422
2.784	1	3	279	5	2	28	9422
2.785	1	3	279	6	2	28	9422
2.786	1	3	279	7	2	28	9422
2.787	1	3	279	8	2	28	9422
2.788	1	3	279	9	2	28	9422
2.789	1	3	279	10	2	28	9422
2.79	1	3	280	1	2	28	9422
2.791	1	3	280	2	2	28	9422
2.792	1	3	280	3	2	28	9422
2.793	1	3	280	4	2	28	9422
2.794	1	3	280	5	2	28	9422
2.795	1	3	280	6	2	28	9422
2.796	1	3	280	7	2	28	9422
2.797	1	3	280	8	2	28	9422
2.798	1	3	280	9	2	28	9422
2.799	1	3	280	10	2	28	9422
2.8	1	3	281	1	2	28	9422
2.801	1	3	281	2	2	28	9422
2.802	1	3	281	3	2	28	9422
2.803	1	3	281	4	2	28	9422
2.804	1	3	281	5	2	28	9422
2.805	1	3	281	6	2	28	9422
2.806	1	3	281	7	2	28	9422
2.807	1	3	281	8	2	28	9422
2.808	1	3	281	9	2	28	9422
2.809	1	3	281	10	2	28	9422
2.81	1	3	282	1	2	28	9422
2.811	1	3	282	2	2	28	9422
2.812	1	3	282	3	2	28	9422
2.813	1	3	282	4	2	28	9422
2.814	1	3	282	5	2	28	9422
2.815	1	3	282	6	2	28	9422
2.816	1	3	282	7	2	28	9422
2.817	1	3	282	8	2	28	9422
2.818	1	3	282	9	2	28	9422
2.819	1	3	282	10	2	28	9422
2.82	1	3	283	1	2	28	9422
2.821	1	3	283	2	2	28	9422
2.822	1	3	283	3	2	28	9422
2.823	1	3	283	4	2	28	9422
2.824	1	3	283	5	2	28	9422
2.825	1	3	283	6	2	28	9422
2.826	1	3	283	7	2	28	9422
2.827	1	3	283	8	2	28	9422
2.828	1	3	283	9	2	28	9422
2.829	1	3	283	10	2	28	9422
2.83	1	3	284	1	2	28	9422
2.831	1	3	284	2	2	28	9422
2.832	1	3	284	3	2	28	9422
2.833	1	3	284	4	2	28	9422
2.834	1	3	284	5	2	28	9422
2.835	1	3	284	6	2	28	9422
2.836	1	3	284	7	2	28	9422
2.837	1	3	284	8	2	28	9422
2.838	1	3	284	9	2	28	9422
2.839	1	3	284	10	2	28	9422
2.84	1	3	285	1	2	28	9422
2.841	1	3	285	2	2	28	9422
2.842	1	3	285	3	2	28	9422
2.843	1	3	285	4	2	28	9422
2.844	1	3	285	5	2	28	9422
2.845	1	3	285	6	2	28	9422
2.846	1	3	285	7	2	28	9422
2.847	1	3	285	8	2	28	9422
2.848	1	3	285	9	2	28	9422
2.849	1	3	285	10	2	28	9422
2.85	1	3	286	1	2	28	9422
2.851	1	3	286	2	2	28	9422
2.852	1	3	286	3	2	28	9422
2.853	1	3	286	4	2	28	9422
2.854	1	3	286	5	2	28	9422
2.855	1	3	286	6	2	28	9422
2.856	1	3	286	7	2	28	9422
2.857	1	3	286	8	2	28	9422
2.858	1	3	286	9	2	28	9422
2.859	1	3	286	10	2	28	9422
2.86	1	3	287	1	2	28	9422
2.861	1	3	287	2	2	28	9422
2.862	1	3	287	3	2	28	9422
2.863	1	3	287	4	2	28	9422
2.864	1	3	287	5	2	28	9422
2.865	1	3	287	6	2	28	9422
2.866	1	3	287	7	2	28	9422
2.867	1	3	287	8	2	28	9422
2.868	1	3	287	9	2	28	9422
2.869	1	3	287	10	2	28	9422
2.87	1	3	288	1	2	28	9422
2.871	1	3	288	2	2	28	9422
2.872	1	3	288	3	2	28	9422
2.873	1	3	288	4	2	28	9422
2.874	1	3	288	5	2	28	9422
2.875	1	3	288	6	2	28	9422
2.876	1	3	288	7	2	28	9422
2.877	1	3	288	8	2	28	9422
2.878	1	3	288	9	2	28	9422
2.879	1	3	288	10	2	28	9422
2.88	1	3	289	1	2	28	9422
2.881	1	3	289	2	2	28	9422
2.882	1	3	289	3	2	28	9422
2.883	1	3	289	4	2	28	9422
2.884	1	3	289	5	2	28	9422
2.885	1	3	289	6	2	28	9422
2.886	1	3	289	7	2	28	9422
2.887	1	3	289	8	2	28	9422
2.888	1	3	289	9	2	28	9422
2.889	1	3	289	10	2	28	9422
2.89	1	3	290	1	2	28	9422
2.891	1	3	290	2	2	28	9422
2.892	1	3	290	3	2	28	9422
2.893	1	3	290	4	2	28	9422
2.894	1	3	290	5	2	28	9422
2.895	1	3	290	6	2	28	9422
2.896	1	3	290	7	2	28	9422
2.897	1	3	290	8	2	28	9422
2.898	1	3	290	9	2	28	9422
2.899	1	3	290	10	2	28	9422
2.9	1	3	291	1	2	28	9422
2.901	1	3	291	2	2	28	9422
2.902	1	3	291	3	2	28	9422
2.903	1	3	291	4	2	28	9422
2.904	1	3	291	5	2	28	9422
2.905	1	3	291	6	2	28	9422
2.906	1	3	291	7	2	28	9422
2.907	1	3	291	8	2	28	9422
2.908	1	3	291	9	2	28	9422
2.909	1	3	291	10	2	28	9422
2.91	1	3	292	1	2	28	9422
2.911	1	3	292	2	2	28	9422
2.912	1	3	292	3	2	28	9422
2.913	1	3	292	4	2	28	9422
2.914	1	3	292	5	2	28	9422
2.915	1	3	292	6	2	28	9422
2.916	1	3	292	7	2	28	9422
2.917	1	3	292	8	2	28	9422
2.918	1	3	292	9	2	28	9422
2.919	1	3	292	10	2	28	9422
2.92	1	3	293	1	2	28	9422
2.921	1	3	293	2	2	28	9422
2.922	1	3	293	3	2	28	9422
2.923	1	3	293	4	2	28	9422
2.924	1	3	293	5	2	28	9422
2.925	1	3	293	6	2	28	9422
2.926	1	3	293	7	2	28	9422
2.927	1	3	293	8	2	28	9422
2.928	1	3	293	9	2	28	9422
2.929	1	3	293	10	2	28	9422
2.93	1	3	294	1	2	28	9422
2.931	1	3	294	2	2	28	9422
2.932	1	3	294	3	2	28	9422
2.933	1	3	294	4	2	28	9422
2.934	1	3	294	5	2	28	9422
2.935	1	3	294	6	2	28	9422
2.936	1	3	294	7	2	28	9422
2.937	1	3	294	8	2	28	9422
2.938	1	3	294	9	2	28	9422
2.939	1	3	294	10	2	28	9422
2.94	1	3	295	1	2	28	9422
2.941	1	3	295	2	2	28	9422
2.942	1	3	295	3	2	28	9422
2.943	1	3	295	4	2	28	9422
2.944	1	3	295	5	2	28	9422
2.945	1	3	295	6	2	28	9422
2.946	1	3	295	7	2	28	9422
2.947	1	3	295	8	2	28	9422
2.948	1	3	295	9	2	28	9422
2.949	1	3	295	10	2	28	9422
2.95	1	3	296	1	2	28	9422
2.951	1	3	296	2	2	28	9422
2.952	1	3	296	3	2	28	9422
2.953	1	3	296	4	2	28	9422
2.954	1	3	296	5	2	28	9422
2.955	1	3	296	6	2	28	9422
2.956	1	3	296	7	2	28	9422
2.957	1	3	296	8	2	28	9422
2.958	1	3	296	9	2	28	9422
2.959	1	3	296	10	2	28	9422
2.96	1	3	297	1	2	28	9422
2.961	1	3	297	2	2	28	9422
2.962	1	3	297	3	2	28	9422
2.963	1	3	297	4	2	28	9422
2.964	1	3	297	5	2	28	9422
2.965	1	3	297	6	2	28	9422
2.966	1	3	297	7	2	28	9422
2.967	1	3	297	8	2	28	9422
2.968	1	3	297	9	2	28	9422
2.969	1	3	297	10	2	28	9422
2.97	1	3	298	1	2	28	9422
2.971	1	3	298	2	2	28	9422
2.972	1	3	298	3	2	28	9422
2.973	1	3	298	4	2	28	9422
2.974	1	3	298	5	2	28	9422
2.975	1	3	298	6	2	28	9422
2.976	1	3	298	7	2	28	9422
2.977	1	3	298	8	2	28	9422
2.978	1	3	298	9	2	28	9422
2.979	1	3	298	10	2	28	9422
2.98	1	3	299	1	2	28	9422
2.981	1	3	299	2	2	28	9422
2.982	1	3	299	3	2	28	9422
2.983	1	3	299	4	2	28	9422
2.984	1	3	299	5	2	28	9422
2.985	1	3	299	6	2	28	9422
2.986	1	3	299	7	2	28	9422
2.987	1	3	299	8	2	28	9422
2.988	1	3	299	9	2	28	9422
2.989	1	3	299	10	2	28	9422
2.99	1	3	300	1	2	28	9422
2.991	1	3	300	2	2	28	9422
2.992	1	3	300	3	2	28	9422
2.993	1	3	300	4	2	28	9422
2.994	1	3	300	5	2	28	9422
2.995	1	3	300	6	2	28	9422
2.996	1	3	300	7	2	28	9422
2.997	1	3	300	8	2	28	9422
2.998	1	3	300	9	2	28	9422
2.999	1	3	300	10	2	28	9422
3	1	3	301	1	2	28	9422
3.001	1	3	301	2	2	28	9422
3.002	1	3	301	3	2	28	9422
3.003	1	3	301	4	2	28	9422
3.004	1	3	301	5	2	28	9422
3.005	1	3	301	6	2	28	9422
3.006	1	3	301	7	2	28	9422
3.007	1	3	301	8	2	28	9422
3.008	1	3	301	9	2	28	9422
3.009	1	3	301	10	2	28	9422
3.01	1	3	302	1	2	28	9422
3.011	1	3	302	2	2	28	9422
3.012	1	3	302	3	2	28	9422
3.013	1	3	302	4	2	28	9422
3.014	1	3	302	5	2	28	9422
3.015	1	3	302	6	2	28	9422
3.016	1	3	302	7	2	28	9422
3.017	1	3	302	8	2	28	9422
3.018	1	3	302	9	2	28	9422
3.019	1	3	302	10	2	28	9422
3.02	1	3	303	1	2	28	9422
3.021	1	3	303	2	2	28	9422
3.022	1	3	303	3	2	28	9422
3.023	1	3	303	4	2	28	9422
3.024	1	3	303	5	2	28	9422
3.025	1	3	303	6	2	28	9422
3.026	1	3	303	7	2	28	9422
3.027	1	3	303	8	2	28	9422
3.028	1	3	303	9	2	28	9422
3.029	1	3	303	10	2	28	9422
3.03	1	3	304	1	2	28	9422
3.031	1	3	304	2	2	28	9422
3.032	1	3	304	3	2	28	9422
3.033	1	3	304	4	2	28	9422
3.034	1	3	304	5	2	28	9422
3.035	1	3	304	6	2	28	9422
3.036	1	3	304	7	2	28	9422
3.037	1	3	304	8	2	28	9422
3.038	1	3	304	9	2	28	9422
3.039	1	3	304	10	2	28	9422
3.04	1	3	305	1	2	28	9422
3.041	1	3	305	2	2	28	9422
3.042	1	3	305	3	2	28	9422
3.043	1	3	305	4	2	28	9422
3.044	1	3	305	5	2	28	9422
3.045	1	3	305	6	2	28	9422
3.046	1	3	305	7	2	28	9422
3.047	1	3	305	8	2	28	9422
3.048	1	3	305	9	2	28	9422
3.049	1	3	305	10	2	28	9422
3.05	1	3	306	1	2	28	9422
3.051	1	3	306	2	2	28	9422
3.052	1	3	306	3	2	28	9422
3.053	1	3	306	4	2	28	9422
3.054	1	3	306	5	2	28	9422
3.055	1	3	306	6	2	28	9422
3.056	1	3	306	7	2	28	9422
3.057	1	3	306	8	2	28	9422
3.058	1	3	306	9	2	28	9422
3.059	1	3	306	10	2	28	9422
3.06	1	3	307	1	2	28	9422
3.061	1	3	307	2	2	28	9422
3.062	1	3	307	3	2	28	9422
3.063	1	3	307	4	2	28	9422
3.064	1	3	307	5	2	28	9422
3.065	1	3	307	6	2	28	9422
3.066	1	3	307	7	2	28	9422
3.067	1	3	307	8	2	28	9422
3.068	1	3	307	9	2	28	9422
3.069	1	3	307	10	2	28	9422
3.07	1	3	308	1	2	28	9422
3.071	1	3	308	2	2	28	9422
3.072	1	3	308	3	2	28	9422
3.073	1	3	308	4	2	28	9422
3.074	1	3	308	5	2	28	9422
3.075	1	3	308	6	2	28	9422
3.076	1	3	308	7	2	28	9422
3.077	1	3	308	8	2	28	9422
3.078	1	3	308	9	2	28	9422
3.079	1	3	308	10	2	28	9422
3.08	1	3	309	1	2	28	9422
3.081	1	3	309	2	2	28	9422
3.082	1	3	309	3	2	28	9422
3.083	1	3	309	4	2	28	9422
3.084	1	3	309	5	2	28	9422
3.085	1	3	309	6	2	28	9422
3.086	1	3	309	7	2	28	9422
3.087	1	3	309	8	2	28	9422
3.088	1	3	309	9	2	28	9422
3.089	1	3	309	10	2	28	9422
3.09	1	3	310	1	2	28	9422
3.091	1	3	310	2	2	28	9422
3.092	1	3	310	3	2	28	9422
3.093	1	3	310	4	2	28	9422
3.094	1	3	310	5	2	28	9422
3.095	1	3	310	6	2	28	9422
3.096	1	3	310	7	2	28	9422
3.097	1	3	310	8	2	28	9422
3.098	1	3	310	9	2	28	9422
3.099	1	3	310	10	2	28	9422
3.1	1	3	311	1	2	28	9422
3.101	1	3	311	2	2	28	9422
3.102	1	3	311	3	2	28	9422
3.103	1	3	311	4	2	28	9422
3.104	1	3	311	5	2	28	9422
3.105	1	3	311	6	2	28	9422
3.106	1	3	311	7	2	28	9422
3.107	1	3	311	8	2	28	9422
3.108	1	3	311	9	2	28	9422
3.109	1	3	311	10	2	28	9422
3.11	1	3	312	1	2	28	9422
3.111	1	3	312	2	2	28	9422
3.112	1	3	312	3	2	28	9422
3.113	1	3	312	4	2	28	9422
3.114	1	3	312	5	2	28	9422
3.115	1	3	312	6	2	28	9422
3.116	1	3	312	7	2	28	9422
3.117	1	3	312	8	2	28	9422
3.118	1	3	312	9	2	28	9422
3.119	1	3	312	10	2	28	9422
3.12	1	3	313	1	2	28	9422
3.121	1	3	313	2	2	28	9422
3.122	1	10	313	3	8	28	9422
3.123	1	10	313	4	8	28	9422
3.124	1	10	313	5	8	28	9422
3.125	1	10	313	6	8	28	9422
3.126	1	10	313	7	8	28	9422
3.127	1	10	313	8	8	28	9422
3.128	1	10	313	9	8	28	9422
3.129	1	10	313	10	8	28	9422
3.13	1	10	314	1	8	28	9422
3.131	1	10	314	2	8	28	9422
3.132	1	10	314	3	8	28	9422
3.133	1	10	314	4	8	28	9422
3.134	1	10	314	5	8	28	9422
3.135	1	10	314	6	8	28	9422
3.136	1	10	314	7	8	28	9422
3.137	1	10	314	8	8	28	9422
3.138	1	10	314	9	8	28	9422
3.139	1	10	314	10	8	28	9422
3.14	1	10	315	1	8	28	9422
3.141	1	10	315	2	8	28	9422
3.142	1	10	315	3	8	28	9422
3.143	1	10	315	4	8	28	9422
3.144	1	10	315	5	8	28	9422
3.145	1	10	315	6	8	28	9422
3.146	1	10	315	7	8	28	9422
3.147	1	10	315	8	8	28	9422
3.148	1	10	315	9	8	28	9422
3.149	1	10	315	10	8	28	9422
3.15	1	10	316	1	8	28	9422
3.151	1	10	316	2	8	28	9422
3.152	1	10	316	3	8	28	9422
3.153	1	10	316	4	8	28	9422
3.154	1	10	316	5	8	28	9422
3.155	1	10	316	6	8	28	9422
3.156	1	10	316	7	8	28	9422
3.157	1	10	316	8	8	28	9422
3.158	1	10	316	9	8	28	9422
3.159	1	10	316	10	8	28	9422
3.16	1	10	317	1	8	28	9422
3.161	1	10	317	2	8	28	9422
3.162	1	10	317	3	8	28	9422
3.163	1	10	317	4	8	28	9422
3.164	1	10	317	5	8	28	9422
3.165	1	10	317	6	8	28	9422
3.166	1	10	317	7	8	28	9422
3.167	1	10	317	8	8	28	9422
3.168	1	10	317	9	8	28	9422
3.169	1	10	317	10	8	28	9422
3.17	1	10	318	1	8	28	9422
3.171	1	10	318	2	8	28	9422
3.172	1	10	318	3	8	28	9422
3.173	1	10	318	4	8	28	9422
3.174	1	10	318	5	8	28	9422
3.175	1	10	318	6	8	28	9422
3.176	1	10	318	7	8	28	9422
3.177	1	10	318	8	8	28	9422
3.178	1	10	318	9	8	28	9422
3.179	1	10	318	10	8	28	9422
3.18	1	10	319	1	8	28	9422
3.181	1	10	319	2	8	28	9422
3.182	1	10	319	3	8	28	9422
3.183	1	10	319	4	8	28	9422
3.184	1	10	319	5	8	28	9422
3.185	1	10	319	6	8	28	9422
3.186	1	10	319	7	8	28	9422
3.187	1	10	319	8	8	28	9422
3.188	1	10	319	9	8	28	9422
3.189	1	10	319	10	8	28	9422
3.19	1	10	320	1	8	28	9422
3.191	1	10	320	2	8	28	9422
3.192	1	10	320	3	8	28	9422
3.193	1	10	320	4	8	28	9422
3.194	1	10	320	5	8	28	9422
3.195	1	10	320	6	8	28	9422
3.196	1	10	320	7	8	28	9422
3.197	1	10	320	8	8	28	9422
3.198	1	10	320	9	8	28	9422
3.199	1	10	320	10	8	28	9422
3.2	1	10	321	1	8	28	9422
3.201	1	10	321	2	8	28	9422
3.202	1	10	321	3	8	28	9422
3.203	1	10	321	4	8	28	9422
3.204	1	10	321	5	8	28	9422
3.205	1	10	321	6	8	28	9422
3.206	1	10	321	7	8	28	9422
3.207	1	10	321	8	8	28	9422
3.208	1	10	321	9	8	28	9422
3.209	1	10	321	10	8	28	9422
3.21	1	10	322	1	8	28	9422
3.211	1	10	322	2	8	28	9422
3.212	1	10	322	3	8	28	9422
3.213	1	10	322	4	8	28	9422
3.214	1	10	322	5	8	28	9422
3.215	1	10	322	6	8	28	9422
3.216	1	10	322	7	8	28	9422
3.217	1	10	322	8	8	28	9422
3.218	1	10	322	9	8	28	9422
3.219	1	10	322	10	8	28	9422
3.22	1	10	323	1	8	28	9422
3.221	1	10	323	2	8	28	9422
3.222	1	10	323	3	8	28	9422
3.223	1	10	323	4	8	28	9422
3.224	1	10	323	5	8	28	9422
3.225	1	10	323	6	8	28	9422
3.226	1	10	323	7	8	28	9422
3.227	1	10	323	8	8	28	9422
3.228	1	10	323	9	8	28	9422
3.229	1	10	323	10	8	28	9422
3.23	1	10	324	1	8	28	9422
3.231	1	10	324	2	8	28	9422
3.232	1	10	324	3	8	28	9422
3.233	1	10	324	4	8	28	9422
3.234	1	10	324	5	8	28	9422
3.235	1	10	324	6	8	28	9422
3.236	1	10	324	7	8	28	9422
3.237	1	10	324	8	8	28	9422
3.238	1	10	324	9	8	28	9422
3.239	1	10	324	10	8	28	9422
3.24	1	10	325	1	8	28	9422
3.241	1	10	325	2	8	28	9422
3.242	1	10	325	3	8	28	9422
3.243	1	10	325	4	8	28	9422
3.244	1	10	325	5	8	28	9422
3.245	1	10	325	6	8	28	9422
3.246	1	10	325	7	8	28	9422
3.247	1	10	325	8	8	28	9422
3.248	1	10	325	9	8	28	9422
3.249	1	10	325	10	8	28	9422
3.25	1	10	326	1	8	28	9422
3.251	1	10	326	2	8	28	9422
3.252	1	10	326	3	8	28	9422
3.253	1	10	326	4	8	28	9422
3.254	1	10	326	5	8	28	9422
3.255	1	10	326	6	8	28	9422
3.256	1	10	326	7	8	28	9422
3.257	1	10	326	8	8	28	9422
3.258	1	10	326	9	8	28	9422
3.259	1	10	326	10	8	28	9422
3.26	1	10	327	1	8	28	9422
3.261	1	10	327	2	8	28	9422
3.262	1	10	327	3	8	28	9422
3.263	1	10	327	4	8	28	9422
3.264	1	10	327	5	8	28	9422
3.265	1	10	327	6	8	28	9422
3.266	1	10	327	7	8	28	9422
3.267	1	10	327	8	8	28	9422
3.268	1	10	327	9	8	28	9422
3.269	1	10	327	10	8	28	9422
3.27	1	10	328	1	8	28	9422
3.271	1	10	328	2	8	28	9422
3.272	1	10	328	3	8	28	9422
3.273	1	10	328	4	8	28	9422
3.274	1	10	328	5	8	28	9422
3.275	1	10	328	6	8	28	9422
3.276	1	10	328	7	8	28	9422
3.277	1	10	328	8	8	28	9422
3.278	1	10	328	9	8	28	9422
3.279	1	10	328	10	8	28	9422
3.28	1	10	329	1	8	28	9422
3.281	1	10	329	2	8	28	9422
3.282	1	10	329	3	8	28	9422
3.283	1	10	329	4	8	28	9422
3.284	1	10	329	5	8	28	9422
3.285	1	10	329	6	8	28	9422
3.286	1	10	329	7	8	28	9422
3.287	1	10	329	8	8	28	9422
3.288	1	10	329	9	8	28	9422
3.289	1	10	329	10	8	28	9422
3.29	1	10	330	1	8	28	9422
3.291	1	10	330	2	8	28	9422
3.292	1	10	330	3	8	28	9422
3.293	1	10	330	4	8	28	9422
3.294	1	10	330	5	8	28	9422
3.295	1	10	330	6	8	28	9422
3.296	1	10	330	7	8	28	9422
3.297	1	10	330	8	8	28	9422
3.298	1	10	330	9	8	28	9422
3.299	1	10	330	10	8	28	9422
3.3	1	10	331	1	8	28	9422
3.301	1	10	331	2	8	28	9422
3.302	1	10	331	3	8	28	9422
3.303	1	10	331	4	8	28	9422
3.304	1	10	331	5	8	28	9422
3.305	1	10	331	6	8	28	9422
3.306	1	10	331	7	8	28	9422
3.307	1	10	331	8	8	28	9422
3.308	1	10	331	9	8	28	9422
3.309	1	10	331	10	8	28	9422
3.31	1	10	332	1	8	28	9422
3.311	1	10	332	2	8	28	9422
3.312	1	10	332	3	8	28	9422
3.313	1	10	332	4	8	28	9422
3.314	1	10	332	5	8	28	9422
3.315	1	10	332	6	8	28	9422
3.316	1	10	332	7	8	28	9422
3.317	1	10	332	8	8	28	9422
3.318	1	10	332	9	8	28	9422
3.319	1	10	332	10	8	28	9422
3.32	1	10	333	1	8	28	9422
3.321	1	10	333	2	8	28	9422
3.322	1	10	333	3	8	28	9422
3.323	1	10	333	4	8	28	9422
3.324	1	10	333	5	8	28	9422
3.325	1	10	333	6	8	28	9422
3.326	1	10	333	7	8	28	9422
3.327	1	10	333	8	8	28	9422
3.328	1	10	333	9	8	28	9422
3.329	1	10	333	10	8	28	9422
3.33	1	10	334	1	8	28	9422
3.331	1	10	334	2	8	28	9422
3.332	1	10	334	3	8	28	9422
3.333	1	10	334	4	8	28	9422
3.334	1	10	334	5	8	28	9422
3.335	1	10	334	6	8	28	9422
3.336	1	10	334	7	8	28	9422
3.337	1	10	334	8	8	28	9422
3.338	1	10	334	9	8	28	9422
3.339	1	10	334	10	8	28	9422
3.34	1	10	335	1	8	28	9422
3.341	1	10	335	2	8	28	9422
3.342	1	10	335	3	8	28	9422
3.343	1	10	335	4	8	28	9422
3.344	1	10	335	5	8	28	9422
3.345	1	10	335	6	8	28	9422
3.346	1	10	335	7	8	28	9422
3.347	1	10	335	8	8	28	9422
3.348	1	10	335	9	8	28	9422
3.349	1	10	335	10	8	28	9422
3.35	1	10	336	1	8	28	9422
3.351	1	10	336	2	8	28	9422
3.352	1	10	336	3	8	28	9422
3.353	1	10	336	4	8	28	9422
3.354	1	10	336	5	8	28	9422
3.355	1	10	336	6	8	28	9422
3.356	1	10	336	7	8	28	9422
3.357	1	10	336	8	8	28	9422
3.358	1	10	336	9	8	28	9422
3.359	1	10	336	10	8	28	9422
3.36	1	10	337	1	8	28	9422
3.361	1	10	337	2	8	28	9422
3.362	1	10	337	3	8	28	9422
3.363	1	10	337	4	8	28	9422
3.364	1	10	337	5	8	28	9422
3.365	1	10	337	6	8	28	9422
3.366	1	10	337	7	8	28	9422
3.367	1	10	337	8	8	28	9422
3.368	1	10	337	9	8	28	9422
3.369	1	10	337	10	8	28	9422
3.37	1	10	338	1	8	28	9422
3.371	1	10	338	2	8	28	9422
3.372	1	10	338	3	8	28	9422
3.373	1	10	338	4	8	28	9422
3.374	1	10	338	5	8	28	9422
3.375	1	10	338	6	8	28	9422
3.376	1	10	338	7	8	28	9422
3.377	1	10	338	8	8	28	9422
3.378	1	10	338	9	8	28	9422
3.379	1	10	338	10	8	28	9422
3.38	1	10	339	1	8	28	9422
3.381	1	10	339	2	8	28	9422
3.382	1	10	339	3	8	28	9422
3.383	1	10	339	4	8	28	9422
3.384	1	10	339	5	8	28	9422
3.385	1	10	339	6	8	28	9422
3.386	1	10	339	7	8	28	9422
3.387	1	10	339	8	8	28	9422
3.388	1	10	339	9	8	28	9422
3.389	1	10	339	10	8	28	9422
3.39	1	10	340	1	8	28	9422
3.391	1	10	340	2	8	28	9422
3.392	1	10	340	3	8	28	9422
3.393	1	10	340	4	8	28	9422
3.394	1	10	340	5	8	28	9422
3.395	1	10	340	6	8	28	9422
3.396	1	10	340	7	8	28	9422
3.397	1	10	340	8	8	28	9422
3.398	1	10	340	9	8	28	9422
3.399	1	10	340	10	8	28	9422
3.4	1	10	341	1	8	28	9422
3.401	1	10	341	2	8	28	9422
3.402	1	10	341	3	8	28	9422
3.403	1	10	341	4	8	28	9422
3.404	1	10	341	5	8	28	9422
3.405	1	10	341	6	8	28	9422
3.406	1	10	341	7	8	28	9422
3.407	1	10	341	8	8	28	9422
3.408	1	10	341	9	8	28	9422
3.409	1	10	341	10	8	28	9422
3.41	1	10	342	1	8	28	9422
3.411	1	10	342	2	8	28	9422
3.412	1	10	342	3	8	28	9422
3.413	1	10	342	4	8	28	9422
3.414	1	10	342	5	8	28	9422
3.415	1	10	342	6	8	28	9422
3.416	1	10	342	7	8	28	9422
3.417	1	10	342	8	8	28	9422
3.418	1	10	342	9	8	28	9422
3.419	1	10	342	10	8	28	9422
3.42	1	10	343	1	8	28	9422
3.421	1	10	343	2	8	28	9422
3.422	1	10	343	3	8	28	9422
3.423	1	10	343	4	8	28	9422
3.424	1	10	343	5	8	28	9422
3.425	1	10	343	6	8	28	9422
3.426	1	10	343	7	8	28	9422
3.427	1	10	343	8	8	28	9422
3.428	1	10	343	9	8	28	9422
3.429	1	10	343	10	8	28	9422
3.43	1	10	344	1	8	28	9422
3.431	1	10	344	2	8	28	9422
3.432	1	10	344	3	8	28	9422
3.433	1	10	344	4	8	28	9422
3.434	1	10	344	5	8	28	9422
3.435	1	10	344	6	8	28	9422
3.436	1	10	344	7	8	28	9422
3.437	1	10	344	8	8	28	9422
3.438	1	10	344	9	8	28	9422
3.439	1	10	344	10	8	28	9422
3.44	1	10	345	1	8	28	9422
3.441	1	10	345	2	8	28	9422
3.442	1	10	345	3	8	28	9422
3.443	1	10	345	4	8	28	9422
3.444	1	10	345	5	8	28	9422
3.445	1	10	345	6	8	28	9422
3.446	1	10	345	7	8	28	9422
3.447	1	10	345	8	8	28	9422
3.448	1	10	345	9	8	28	9422
3.449	1	10	345	10	8	28	9422
3.45	1	10	346	1	8	28	9422
3.451	1	10	346	2	8	28	9422
3.452	1	10	346	3	8	28	9422
3.453	1	10	346	4	8	28	9422
3.454	1	10	346	5	8	28	9422
3.455	1	10	346	6	8	28	9422
3.456	1	10	346	7	8	28	9422
3.457	1	10	346	8	8	28	9422
3.458	1	10	346	9	8	28	9422
3.459	1	10	346	10	8	28	9422
3.46	1	10	347	1	8	28	9422
3.461	1	10	347	2	8	28	9422
3.462	1	10	347	3	8	28	9422
3.463	1	10	347	4	8	28	9422
3.464	1	10	347	5	8	28	9422
3.465	1	10	347	6	8	28	9422
3.466	1	10	347	7	8	28	9422
3.467	1	10	347	8	8	28	9422
3.468	1	10	347	9	8	28	9422
3.469	1	10	347	10	8	28	9422
3.47	1	10	348	1	8	28	9422
3.471	1	10	348	2	8	28	9422
3.472	1	10	348	3	8	28	9422
3.473	1	10	348	4	8	28	9422
3.474	1	10	348	5	8	28	9422
3.475	1	10	348	6	8	28	9422
3.476	1	10	348	7	8	28	9422
3.477	1	10	348	8	8	28	9422
3.478	1	10	348	9	8	28	9422
3.479	1	10	348	10	8	28	9422
3.48	1	10	349	1	8	28	9422
3.481	1	10	349	2	8	28	9422
3.482	1	10	349	3	8	28	9422
3.483	1	10	349	4	8	28	9422
3.484	1	10	349	5	8	28	9422
3.485	1	10	349	6	8	28	9422
3.486	1	10	349	7	8	28	9422
3.487	1	10	349	8	8	28	9422
3.488	1	10	349	9	8	28	9422
3.489	1	10	349	10	8	28	9422
3.49	1	10	350	1	8	28	9422
3.491	1	10	350	2	8	28	9422
3.492	1	10	350	3	8	28	9422
3.493	1	10	350	4	8	28	9422
3.494	1	10	350	5	8	28	9422
3.495	1	10	350	6	8	28	9422
3.496	1	10	350	7	8	28	9422
3.497	1	10	350	8	8	28	9422
3.498	1	10	350	9	8	28	9422
3.499	1	10	350	10	8	28	9422
3.5	1	10	351	1	8	28	9422
3.501	1	10	351	2	8	28	9422
3.502	1	10	351	3	8	28	9422
3.503	1	10	351	4	8	28	9422
3.504	1	10	351	5	8	28	9422
3.505	1	10	351	6	8	28	9422
3.506	1	10	351	7	8	28	9422
3.507	1	10	351	8	8	28	9422
3.508	1	10	351	9	8	28	9422
3.509	1	10	351	10	8	28	9422
3.51	1	10	352	1	8	28	9422
3.511	1	10	352	2	8	28	9422
3.512	1	10	352	3	8	28	9422
3.513	1	10	352	4	8	28	9422
3.514	1	10	352	5	8	28	9422
3.515	1	10	352	6	8	28	9422
3.516	1	10	352	7	8	28	9422
3.517	1	10	352	8	8	28	9422
3.518	1	10	352	9	8	28	9422
3.519	1	10	352	10	8	28	9422
3.52	1	10	353	1	8	28	9422
3.521	1	10	353	2	8	28	9422
3.522	1	10	353	3	8	28	9422
3.523	1	10	353	4	8	28	9422
3.524	1	10	353	5	8	28	9422
3.525	1	10	353	6	8	28	9422
3.526	1	10	353	7	8	28	9422
3.527	1	10	353	8	8	28	9422
3.528	1	10	353	9	8	28	9422
3.529	1	10	353	10	8	28	9422
3.53	1	10	354	1	8	28	9422
3.531	1	10	354	2	8	28	9422
3.532	1	10	354	3	8	28	9422
3.533	1	10	354	4	8	28	9422
3.534	1	10	354	5	8	28	9422
3.535	1	10	354	6	8	28	9422
3.536	1	10	354	7	8	28	9422
3.537	1	10	354	8	8	28	9422
3.538	1	10	354	9	8	28	9422
3.539	1	10	354	10	8	28	9422
3.54	1	10	355	1	8	28	9422
3.541	1	10	355	2	8	28	9422
3.542	1	10	355	3	8	28	9422
3.543	1	10	355	4	8	28	9422
3.544	1	10	355	5	8	28	9422
3.545	1	10	355	6	8	28	9422
3.546	1	10	355	7	8	28	9422
3.547	1	10	355	8	8	28	9422
3.548	1	10	355	9	8	28	9422
3.549	1	10	355	10	8	28	9422
3.55	1	10	356	1	8	28	9422
3.551	1	10	356	2	8	28	9422
3.552	1	10	356	3	8	28	9422
3.553	1	10	356	4	8	28	9422
3.554	1	10	356	5	8	28	9422
3.555	1	10	356	6	8	28	9422
3.556	1	10	356	7	8	28	9422
3.557	1	10	356	8	8	28	9422
3.558	1	10	356	9	8	28	9422
3.559	1	10	356	10	8	28	9422
3.56	1	10	357	1	8	28	9422
3.561	1	10	357	2	8	28	9422
3.562	1	10	357	3	8	28	9422
3.563	1	10	357	4	8	28	9422
3.564	1	10	357	5	8	28	9422
3.565	1	10	357	6	8	28	9422
3.566	1	10	357	7	8	28	9422
3.567	1	10	357	8	8	28	9422
3.568	1	10	357	9	8	28	9422
3.569	1	10	357	10	8	28	9422
3.57	1	10	358	1	8	28	9422
3.571	1	10	358	2	8	28	9422
3.572	1	10	358	3	8	28	9422
3.573	1	10	358	4	8	28	9422
3.574	1	10	358	5	8	28	9422
3.575	1	10	358	6	8	28	9422
3.576	1	10	358	7	8	28	9422
3.577	1	10	358	8	8	28	9422
3.578	1	10	358	9	8	28	9422
3.579	1	10	358	10	8	28	9422
3.58	1	10	359	1	8	28	9422
3.581	1	10	359	2	8	28	9422
3.582	1	10	359	3	8	28	9422
3.583	1	10	359	4	8	28	9422
3.584	1	10	359	5	8	28	9422
3.585	1	10	359	6	8	28	9422
3.586	1	10	359	7	8	28	9422
3.587	1	10	359	8	8	28	9422
3.588	1	10	359	9	8	28	9422
3.589	1	10	359	10	8	28	9422
3.59	1	10	360	1	8	28	9422
3.591	1	10	360	2	8	28	9422
3.592	1	10	360	3	8	28	9422
3.593	1	10	360	4	8	28	9422
3.594	1	10	360	5	8	28	9422
3.595	1	10	360	6	8	28	9422
3.596	1	10	360	7	8	28	9422
3.597	1	10	360	8	8	28	9422
3.598	1	10	360	9	8	28	9422
3.599	1	10	360	10	8	28	9422
3.6	1	10	361	1	8	28	9422
3.601	1	10	361	2	8	28	9422
3.602	1	10	361	3	8	28	9422
3.603	1	10	361	4	8	28	9422
3.604	1	10	361	5	8	28	9422
3.605	1	10	361	6	8	28	9422
3.606	1	10	361	7	8	28	9422
3.607	1	10	361	8	8	28	9422
3.608	1	10	361	9	8	28	9422
3.609	1	10	361	10	8	28	9422
3.61	1	10	362	1	8	28	9422
3.611	1	10	362	2	8	28	9422
3.612	1	10	362	3	8	28	9422
3.613	1	10	362	4	8	28	9422
3.614	1	10	362	5	8	28	9422
3.615	1	10	362	6	8	28	9422
3.616	1	10	362	7	8	28	9422
3.617	1	10	362	8	8	28	9422
3.618	1	10	362	9	8	28	9422
3.619	1	10	362	10	8	28	9422
3.62	1	10	363	1	8	28	9422
3.621	1	10	363	2	8	28	9422
3.622	1	10	363	3	8	28	9422
3.623	1	10	363	4	8	28	9422
3.624	1	10	363	5	8	28	9422
3.625	1	10	363	6	8	28	9422
3.626	1	10	363	7	8	28	9422
3.627	1	10	363	8	8	28	9422
3.628	1	10	363	9	8	28	9422
3.629	1	10	363	10	8	28	9422
3.63	1	10	364	1	8	28	9422
3.631	1	10	364	2	8	28	9422
3.632	1	10	364	3	8	28	9422
3.633	1	10	364	4	8	28	9422
3.634	1	10	364	5	8	28	9422
3.635	1	10	364	6	8	28	9422
3.636	1	10	364	7	8	28	9422
3.637	1	10	364	8	8	28	9422
3.638	1	10	364	9	8	28	9422
3.639	1	10	364	10	8	28	9422
3.64	1	10	365	1	8	28	9422
3.641	1	10	365	2	8	28	9422
3.642	1	10	365	3	8	28	9422
3.643	1	10	365	4	8	28	9422
3.644	1	10	365	5	8	28	9422
3.645	1	10	365	6	8	28	9422
3.646	1	10	365	7	8	28	9422
3.647	1	10	365	8	8	28	9422
3.648	1	10	365	9	8	28	9422
3.649	1	10	365	10	8	28	9422
3.65	1	10	366	1	8	28	9422
3.651	1	10	366	2	8	28	9422
3.652	1	10	366	3	8	28	9422
3.653	1	10	366	4	8	28	9422
3.654	1	10	366	5	8	28	9422
3.655	1	10	366	6	8	28	9422
3.656	1	10	366	7	8	28	9422
3.657	1	10	366	8	8	28	9422
3.658	1	10	366	9	8	28	9422
3.659	1	10	366	10	8	28	9422
3.66	1	10	367	1	8	28	9422
3.661	1	10	367	2	8	28	9422
3.662	1	10	367	3	8	28	9422
3.663	1	10	367	4	8	28	9422
3.664	1	10	367	5	8	28	9422
3.665	1	10	367	6	8	28	9422
3.666	1	10	367	7	8	28	9422
3.667	1	10	367	8	8	28	9422
3.668	1	10	367	9	8	28	9422
3.669	1	10	367	10	8	28	9422
3.67	1	10	368	1	8	28	9422
3.671	1	10	368	2	8	28	9422
3.672	1	10	368	3	8	28	9422
3.673	1	10	368	4	8	28	9422
3.674	1	10	368	5	8	28	9422
3.675	1	10	368	6	8	28	9422
3.676	1	10	368	7	8	28	9422
3.677	1	10	368	8	8	28	9422
3.678	1	10	368	9	8	28	9422
3.679	1	10	368	10	8	28	9422
3.68	1	10	369	1	8	28	9422
3.681	1	10	369	2	8	28	9422
3.682	1	10	369	3	8	28	9422
3.683	1	10	369	4	8	28	9422
3.684	1	10	369	5	8	28	9422
3.685	1	10	369	6	8	28	9422
3.686	1	10	369	7	8	28	9422
3.687	1	10	369	8	8	28	9422
3.688	1	10	369	9	8	28	9422
3.689	1	10	369	10	8	28	9422
3.69	1	10	370	1	8	28	9422
3.691	1	10	370	2	8	28	9422
3.692	1	10	370	3	8	28	9422
3.693	1	10	370	4	8	28	9422
3.694	1	10	370	5	8	28	9422
3.695	1	10	370	6	8	28	9422
3.696	1	10	370	7	8	28	9422
3.697	1	10	370	8	8	28	9422
3.698	1	10	370	9	8	28	9422
3.699	1	10	370	10	8	28	9422
3.7	1	10	371	1	8	28	9422
3.701	1	10	371	2	8	28	9422
3.702	1	10	371	3	8	28	9422
3.703	1	10	371	4	8	28	9422
3.704	1	10	371	5	8	28	9422
3.705	1	10	371	6	8	28	9422
3.706	1	10	371	7	8	28	9422
3.707	1	10	371	8	8	28	9422
3.708	1	10	371	9	8	28	9422
3.819	1	7	382	10	1	28	9422
3.963	1	7	397	4	1	28	9422
4.009	1	4	401	10	13	28	9422
4.01	1	12	402	1	14	28	2292
4.01	1	5	402	1	4	28	2292
4.01	1	8	402	1	11	28	2292
4.01	1	11	402	1	12	28	2292
4.011	1	15	402	2	5	28	3062
4.011	1	9	402	2	6	28	3062
4.011	1	2	402	2	7	28	3062
4.012	1	14	402	3	15	28	4587
4.012	1	1	402	3	10	28	4587
4.107	1	7	411	8	1	28	9422
4.121	1	13	413	2	3	28	4587
4.121	1	6	413	2	9	28	4587
4.153	1	4	416	4	13	28	9422
4.154	1	5	416	5	4	28	4587
4.154	1	8	416	5	11	28	4587
4.155	1	11	416	6	12	28	3062
4.155	1	12	416	6	14	28	3062
4.155	1	2	416	6	7	28	3062
4.156	1	15	416	7	5	28	3062
4.156	1	9	416	7	6	28	3062
4.156	1	1	416	7	10	28	3062
4.157	1	14	416	8	15	28	9422
4.251	1	7	426	2	1	28	9422
4.265	1	13	427	6	3	28	4587
4.265	1	6	427	6	9	28	4587
4.297	1	4	430	8	13	28	9422
4.298	1	5	430	9	4	28	4587
4.298	1	8	430	9	11	28	4587
4.299	1	11	430	10	12	28	4587
4.299	1	2	430	10	7	28	4587
4.3	1	1	431	1	10	28	4587
4.3	1	12	431	1	14	28	4587
4.301	1	15	431	2	5	28	4587
4.301	1	9	431	2	6	28	4587
4.302	1	14	431	3	15	28	9422
4.396	1	7	440	7	1	28	9422
4.409	1	13	441	10	3	28	4587
4.409	1	6	441	10	9	28	4587
4.441	1	4	445	2	13	28	9422
4.442	1	5	445	3	4	28	4587
4.442	1	8	445	3	11	28	4587
4.443	1	11	445	4	12	28	4587
4.443	1	2	445	4	7	28	4587
4.444	1	1	445	5	10	28	4587
4.444	1	12	445	5	14	28	4587
4.445	1	15	445	6	5	28	4587
4.445	1	9	445	6	6	28	4587
4.446	1	14	445	7	15	28	9422
4.543	1	7	455	4	1	28	9422
4.553	1	6	456	4	9	28	9422
4.554	1	13	456	5	3	28	9422
4.585	1	4	459	6	13	28	9422
4.586	1	5	459	7	4	28	9422
4.587	1	8	459	8	11	28	9422
4.588	1	11	459	9	12	28	4587
4.588	1	2	459	9	7	28	4587
4.589	1	1	459	10	10	28	9422
4.59	1	12	460	1	14	28	9422
4.591	1	9	460	2	6	28	9422
4.592	1	14	460	3	15	28	4587
4.592	1	15	460	3	5	28	4587
4.693	1	7	470	4	1	28	9422
4.697	1	6	470	8	9	28	9422
4.698	1	13	470	9	3	28	9422
4.729	1	4	473	10	13	28	9422
4.73	1	5	474	1	4	28	9422
4.731	1	8	474	2	11	28	9422
4.732	1	2	474	3	7	28	9422
4.733	1	11	474	4	12	28	9422
4.735	1	1	474	6	10	28	9422
4.736	1	12	474	7	14	28	9422
4.737	1	9	474	8	6	28	9422
4.738	1	14	474	9	15	28	9422
4.739	1	15	474	10	5	28	9422
4.849	1	6	485	10	9	28	4587
4.849	1	7	485	10	1	28	4587
4.85	1	13	486	1	3	28	4587
4.85	1	7	486	1	1	28	4587
4.874	1	4	488	5	13	28	9422
4.875	1	5	488	6	4	28	9422
4.876	1	8	488	7	11	28	9422
4.877	1	2	488	8	7	28	9422
4.879	1	11	488	10	12	28	9422
4.88	1	1	489	1	10	28	9422
4.881	1	12	489	2	14	28	9422
4.882	1	9	489	3	6	28	9422
4.884	1	14	489	5	15	28	9422
4.885	1	15	489	6	5	28	9422
4.994	1	6	500	5	9	28	9422
5.016	1	7	502	7	1	28	9422
5.017	1	13	502	8	3	28	4587
5.017	1	7	502	8	1	28	4587
5.018	1	7	502	9	1	28	9422
5.019	1	4	502	10	13	28	9422
5.021	1	5	503	2	4	28	9422
5.023	1	8	503	4	11	28	9422
5.025	1	2	503	6	7	28	9422
5.027	1	11	503	8	12	28	9422
5.029	1	1	503	10	10	28	9422
5.031	1	12	504	2	14	28	9422
5.032	1	9	504	3	6	28	9422
5.034	1	14	504	5	15	28	9422
5.036	1	15	504	7	5	28	9422
5.139	1	6	514	10	9	28	9422
5.182	1	7	519	3	1	28	9422
5.183	1	13	519	4	3	28	9422
5.186	1	4	519	7	13	28	9422
5.188	1	5	519	9	4	28	9422
5.191	1	8	520	2	11	28	9422
5.194	1	2	520	5	7	28	9422
5.196	1	11	520	7	12	28	9422
5.199	1	1	520	10	10	28	9422
5.201	1	12	521	2	14	28	9422
5.204	1	9	521	5	6	28	9422
5.207	1	14	521	8	15	28	9422
5.209	1	15	521	10	5	28	9422
5.284	1	6	529	5	9	28	9422
5.348	1	7	535	9	1	28	9422
5.35	1	13	536	1	3	28	9422
5.354	1	4	536	5	13	28	9422
5.358	1	5	536	9	4	28	9422
5.362	1	8	537	3	11	28	9422
5.366	1	2	537	7	7	28	9422
5.37	1	11	538	1	12	28	9422
5.374	1	1	538	5	10	28	9422
5.378	1	12	538	9	14	28	9422
5.382	1	9	539	3	6	28	9422
5.386	1	14	539	7	15	28	9422
5.39	1	15	540	1	5	28	9422
5.43	1	6	544	1	9	28	9422
5.514	1	7	552	5	1	28	9422
5.517	1	13	552	8	3	28	9422
5.523	1	4	553	4	13	28	9422
5.529	1	5	553	10	4	28	9422
5.535	1	8	554	6	11	28	9422
5.541	1	2	555	2	7	28	9422
5.547	1	11	555	8	12	28	9422
5.553	1	1	556	4	10	28	9422
5.559	1	12	556	10	14	28	9422
5.565	1	9	557	6	6	28	9422
5.571	1	14	558	2	15	28	9422
5.578	1	15	558	9	5	28	9422
5.582	1	6	559	3	9	28	9422
5.68	1	7	569	1	1	28	9422
5.684	1	13	569	5	3	28	9422
5.693	1	4	570	4	13	28	9422
5.702	1	5	571	3	4	28	9422
5.711	1	8	572	2	11	28	9422
5.72	1	2	573	1	7	28	9422
5.729	1	11	573	10	12	28	9422
5.739	1	1	574	10	10	28	9422
5.747	1	12	575	8	14	28	9422
5.756	1	9	576	7	6	28	9422
5.765	1	14	577	6	15	28	9422
5.774	1	15	578	5	5	28	9422
5.78	1	6	579	1	9	28	9422
5.846	1	7	585	7	1	28	9422
5.852	1	13	586	3	3	28	9422
5.866	1	4	587	7	13	28	9422
5.879	1	5	588	10	4	28	9422
5.893	1	8	590	4	11	28	9422
5.906	1	2	591	7	7	28	9422
5.92	1	11	593	1	12	28	9422
5.933	1	1	594	4	10	28	9422
5.947	1	12	595	8	14	28	9422
5.96	1	9	597	1	6	28	9422
5.974	1	14	598	5	15	28	9422
5.98	1	6	599	1	9	28	9422
5.987	1	15	599	8	5	28	9422
5.996	1	6	600	7	9	28	9422
6.019	1	7	602	10	1	28	9422
6.028	1	13	603	9	3	28	9422
6.048	1	4	605	9	13	28	9422
6.068	1	5	607	9	4	28	9422
6.088	1	8	609	9	11	28	9422
6.106	1	2	611	7	7	28	9422
6.108	1	2	611	9	7	28	9422
6.12	1	11	613	1	12	28	9422
6.128	1	11	613	9	12	28	9422
6.133	1	1	614	4	10	28	9422
6.147	1	12	615	8	14	28	9422
6.148	1	1	615	9	10	28	9422
6.16	1	9	617	1	6	28	9422
6.168	1	12	617	9	14	28	9422
6.174	1	14	618	5	15	28	9422
6.187	1	15	619	8	5	28	9422
6.188	1	9	619	9	6	28	9422
6.196	1	6	620	7	9	28	9422
6.208	1	14	621	9	15	28	9422
6.219	1	7	622	10	1	28	9422
6.221	1	6	623	2	9	28	9422
6.241	1	15	625	2	5	28	9422
6.248	1	4	625	9	13	28	9422
6.264	1	7	627	5	1	28	9422
6.268	1	5	627	9	4	28	9422
6.277	1	13	628	8	3	28	9422
6.288	1	8	629	9	11	28	9422
6.3	1	4	631	1	13	28	9422
6.322	1	5	633	3	4	28	9422
6.345	1	8	635	6	11	28	9422
6.367	1	2	637	8	7	28	9422
6.39	1	11	640	1	12	28	9422
6.412	1	1	642	3	10	28	9422
6.435	1	12	644	6	14	28	9422
6.458	1	9	646	9	6	28	9422
6.477	1	13	648	8	3	28	9422
6.48	1	14	649	1	15	28	9422
6.5	1	4	651	1	13	28	9422
6.503	1	15	651	4	5	28	9422
6.522	1	5	653	3	4	28	9422
6.523	1	6	653	4	9	28	9422
6.546	1	7	655	7	1	28	9422
6.569	1	4	657	10	13	28	9422
6.591	1	5	660	2	4	28	9422
6.611	1	13	662	2	3	28	9422
6.633	1	8	664	4	11	28	9422
6.656	1	2	666	7	7	28	9422
6.658	1	9	666	9	6	28	9422
6.679	1	11	668	10	12	28	9422
6.701	1	1	671	2	10	28	9422
6.724	1	12	673	5	14	28	9422
6.746	1	7	675	7	1	28	4587
6.746	1	9	675	7	6	28	4587
6.747	1	13	675	8	3	28	4587
6.747	1	9	675	8	6	28	4587
6.769	1	4	677	10	13	28	9422
6.77	1	14	678	1	15	28	9422
6.791	1	5	680	2	4	28	9422
6.792	1	4	680	3	13	28	9422
6.815	1	15	682	6	5	28	9422
6.833	1	8	684	4	11	28	9422
6.837	1	5	684	8	4	28	9422
6.868	1	6	687	9	9	28	9422
6.869	1	6	687	10	9	28	9422
6.891	1	7	690	2	1	28	9422
6.921	1	13	693	2	3	28	9422
6.922	1	13	693	3	3	28	9422
6.944	1	8	695	5	11	28	9422
6.966	1	2	697	7	7	28	9422
6.989	1	9	699	10	6	28	9422
7.012	1	11	702	3	12	28	9422
7.035	1	1	704	6	10	28	9422
7.057	1	12	706	8	14	28	9422
7.08	1	7	709	1	1	28	9422
7.103	1	4	711	4	13	28	9422
7.126	1	14	713	7	15	28	9422
7.144	1	8	715	5	11	28	9422
7.148	1	5	715	9	4	28	9422
7.166	1	2	717	7	7	28	9422
7.171	1	15	718	2	5	28	9422
7.194	1	8	720	5	11	28	9422
7.212	1	11	722	3	12	28	9422
7.235	1	1	724	6	10	28	9422
7.24	1	6	725	1	9	28	9422
7.241	1	6	725	2	9	28	9422
7.257	1	12	726	8	14	28	9422
7.285	1	13	729	6	3	28	9422
7.286	1	13	729	7	3	28	9422
7.303	1	4	731	4	13	28	9422
7.307	1	2	731	8	7	28	9422
7.326	1	14	733	7	15	28	9422
7.33	1	9	734	1	6	28	9422
7.348	1	5	735	9	4	28	9422
7.353	1	11	736	4	12	28	9422
7.371	1	15	738	2	5	28	9422
7.375	1	1	738	6	10	28	9422
7.394	1	8	740	5	11	28	9422
7.398	1	12	740	9	14	28	9422
7.421	1	7	743	2	1	28	9422
7.44	1	6	745	1	9	28	9422
7.444	1	4	745	5	13	28	9422
7.466	1	14	747	7	15	28	9422
7.485	1	13	749	6	3	28	9422
7.489	1	8	749	10	11	28	9422
7.512	1	5	752	3	4	28	9422
7.534	1	2	754	5	7	28	9422
7.557	1	15	756	8	5	28	9422
7.58	1	11	759	1	12	28	9422
7.603	1	1	761	4	10	28	9422
7.621	1	7	763	2	1	28	9422
7.67	1	6	768	1	9	28	9422
7.671	1	6	768	2	9	28	9422
7.672	1	6	768	3	9	28	9422
7.689	1	8	769	10	11	28	9422
7.693	1	12	770	4	14	28	9422
7.712	1	5	772	3	4	28	9422
7.734	1	2	774	5	7	28	9422
7.757	1	15	776	8	5	28	9422
7.761	1	13	777	2	3	28	9422
7.762	1	13	777	3	3	28	9422
7.763	1	13	777	4	3	28	9422
7.78	1	11	779	1	12	28	9422
7.784	1	4	779	5	13	28	9422
7.803	1	1	781	4	10	28	9422
7.807	1	14	781	8	15	28	9422
7.83	1	9	784	1	6	28	9422
7.853	1	8	786	4	11	28	9422
7.876	1	7	788	7	1	28	9422
7.893	1	12	790	4	14	28	9422
7.898	1	5	790	9	4	28	9422
7.921	1	2	793	2	7	28	9422
7.944	1	15	795	5	5	28	9422
7.967	1	11	797	8	12	28	9422
7.99	1	1	800	1	10	28	9422
8.007	1	14	801	8	15	28	9422
8.053	1	8	806	4	11	28	9422
8.059	1	6	806	10	9	28	9422
8.06	1	6	807	1	9	28	9422
8.061	1	6	807	2	9	28	9422
8.076	1	7	808	7	1	28	9422
8.081	1	12	809	2	14	28	9422
8.144	1	15	815	5	5	28	9422
8.151	1	13	816	2	3	28	9422
8.152	1	13	816	3	3	28	9422
8.153	1	13	816	4	3	28	9422
8.173	1	4	818	4	13	28	9422
8.196	1	14	820	7	15	28	9422
8.219	1	9	822	10	6	28	9422
8.242	1	8	825	3	11	28	9422
8.259	1	6	826	10	9	28	9422
8.265	1	7	827	6	1	28	9422
8.288	1	5	829	9	4	28	9422
8.311	1	2	832	2	7	28	9422
8.333	1	15	834	4	5	28	9422
8.351	1	13	836	2	3	28	9422
8.356	1	11	836	7	12	28	9422
8.379	1	1	838	10	10	28	9422
8.419	1	9	842	10	6	28	9422
8.442	1	8	845	3	11	28	9422
8.448	1	6	845	9	9	28	9422
8.449	1	6	845	10	9	28	9422
8.45	1	6	846	1	9	28	9422
8.471	1	12	848	2	14	28	9422
8.54	1	13	855	1	3	28	9422
8.541	1	13	855	2	3	28	9422
8.542	1	13	855	3	3	28	9422
8.563	1	4	857	4	13	28	9422
8.586	1	14	859	7	15	28	9422
8.609	1	9	861	10	6	28	9422
8.632	1	8	864	3	11	28	9422
8.648	1	6	865	9	9	28	9422
8.655	1	7	866	6	1	28	9422
8.678	1	5	868	9	4	28	9422
8.7	1	2	871	1	7	28	9422
8.723	1	15	873	4	5	28	9422
8.74	1	13	875	1	3	28	9422
8.746	1	11	875	7	12	28	9422
8.763	1	4	877	4	13	28	9422
8.769	1	1	877	10	10	28	9422
8.809	1	9	881	10	6	28	9422
8.838	1	6	884	9	9	28	9422
8.839	1	6	884	10	9	28	9422
8.84	1	6	885	1	9	28	9422
8.861	1	12	887	2	14	28	9422
8.878	1	5	888	9	4	28	9422
8.9	1	2	891	1	7	28	9422
8.931	1	13	894	2	3	28	9422
8.932	1	13	894	3	3	28	9422
8.933	1	13	894	4	3	28	9422
8.946	1	11	895	7	12	28	9422
8.953	1	4	896	4	13	28	9422
8.969	1	1	897	10	10	28	9422
8.976	1	14	898	7	15	28	9422
8.999	1	9	900	10	6	28	9422
9.022	1	8	903	3	11	28	9422
9.038	1	6	904	9	9	28	9422
9.045	1	7	905	6	1	28	9422
9.061	1	12	907	2	14	28	9422
9.068	1	5	907	9	4	28	9422
9.091	1	2	910	2	7	28	9422
9.114	1	15	912	5	5	28	9422
9.131	1	13	914	2	3	28	9422
9.137	1	11	914	8	12	28	9422
9.153	1	4	916	4	13	28	9422
9.16	1	1	917	1	10	28	9422
9.176	1	14	918	7	15	28	9422
9.229	1	6	923	10	9	28	9422
9.23	1	6	924	1	9	28	9422
9.231	1	6	924	2	9	28	9422
9.252	1	12	926	3	14	28	9422
9.268	1	5	927	9	4	28	9422
9.291	1	2	930	2	7	28	9422
9.314	1	15	932	5	5	28	9422
9.321	1	13	933	2	3	28	9422
9.322	1	13	933	3	3	28	9422
9.323	1	13	933	4	3	28	9422
9.337	1	11	934	8	12	28	9422
9.344	1	4	935	5	13	28	9422
9.36	1	1	937	1	10	28	9422
9.367	1	14	937	8	15	28	9422
9.39	1	9	940	1	6	28	9422
9.413	1	8	942	4	11	28	9422
9.429	1	6	943	10	9	28	9422
9.437	1	7	944	8	1	28	9422
9.452	1	12	946	3	14	28	9422
9.459	1	5	946	10	4	28	9422
9.482	1	2	949	3	7	28	9422
9.505	1	15	951	6	5	28	9422
9.521	1	13	953	2	3	28	9422
9.528	1	11	953	9	12	28	9422
9.551	1	1	956	2	10	28	9422
9.567	1	14	957	8	15	28	9422
9.613	1	8	962	4	11	28	9422
9.62	1	6	963	1	9	28	9422
9.621	1	6	963	2	9	28	9422
9.622	1	6	963	3	9	28	9422
9.637	1	7	964	8	1	28	9422
9.643	1	12	965	4	14	28	9422
9.705	1	15	971	6	5	28	9422
9.712	1	13	972	3	3	28	9422
9.713	1	13	972	4	3	28	9422
9.714	1	13	972	5	3	28	9422
9.735	1	4	974	6	13	28	9422
9.758	1	14	976	9	15	28	9422
9.781	1	9	979	2	6	28	9422
9.804	1	8	981	5	11	28	9422
9.82	1	6	983	1	9	28	9422
9.827	1	7	983	8	1	28	9422
9.85	1	5	986	1	4	28	9422
9.873	1	2	988	4	7	28	9422
9.896	1	15	990	7	5	28	9422
9.912	1	13	992	3	3	28	9422
9.919	1	11	992	10	12	28	9422
9.942	1	1	995	3	10	28	9422
9.981	1	9	999	2	6	28	9422
10.004	1	8	1001	5	11	28	9422
10.011	1	6	1002	2	9	28	9422
10.012	1	6	1002	3	9	28	9422
10.013	1	6	1002	4	9	28	9422
10.027	1	7	1003	8	1	28	9422
10.034	1	12	1004	5	14	28	9422
10.104	1	13	1011	5	3	28	9422
10.105	1	13	1011	6	3	28	9422
10.106	1	13	1011	7	3	28	9422
10.127	1	4	1013	8	13	28	9422
10.15	1	14	1016	1	15	28	9422
10.173	1	9	1018	4	6	28	9422
10.196	1	8	1020	7	11	28	9422
10.211	1	6	1022	2	9	28	9422
10.22	1	7	1023	1	1	28	9422
10.243	1	5	1025	4	4	28	9422
10.266	1	2	1027	7	7	28	9422
10.289	1	15	1029	10	5	28	9422
10.304	1	13	1031	5	3	28	9422
10.312	1	11	1032	3	12	28	9422
10.327	1	4	1033	8	13	28	9422
10.335	1	1	1034	6	10	28	9422
10.373	1	9	1038	4	6	28	9422
10.393	1	6	1040	4	9	28	9422
10.394	1	6	1040	5	9	28	9422
10.395	1	6	1040	6	9	28	9422
10.416	1	12	1042	7	14	28	9422
10.443	1	5	1045	4	4	28	9422
10.466	1	2	1047	7	7	28	9422
10.475	1	13	1048	6	3	28	9422
10.476	1	13	1048	7	3	28	9422
10.477	1	13	1048	8	3	28	9422
10.498	1	4	1050	9	13	28	9422
10.512	1	11	1052	3	12	28	9422
10.521	1	14	1053	2	15	28	9422
10.535	1	1	1054	6	10	28	9422
10.544	1	9	1055	5	6	28	9422
10.567	1	8	1057	8	11	28	9422
10.591	1	7	1060	2	1	28	9422
10.614	1	5	1062	5	4	28	9422
10.616	1	12	1062	7	14	28	9422
10.637	1	2	1064	8	7	28	9422
10.66	1	15	1067	1	5	28	9422
10.683	1	11	1069	4	12	28	9422
10.698	1	4	1070	9	13	28	9422
10.706	1	1	1071	7	10	28	9422
10.721	1	14	1073	2	15	28	9422
10.73	1	12	1074	1	14	28	9422
10.753	1	4	1076	4	13	28	9422
10.776	1	14	1078	7	15	28	9422
10.799	1	9	1080	10	6	28	9422
10.814	1	5	1082	5	4	28	9422
10.822	1	8	1083	3	11	28	9422
10.837	1	2	1084	8	7	28	9422
10.846	1	7	1085	7	1	28	9422
10.86	1	15	1087	1	5	28	9422
10.869	1	5	1087	10	4	28	9422
10.883	1	11	1089	4	12	28	9422
10.892	1	2	1090	3	7	28	9422
10.906	1	1	1091	7	10	28	9422
10.915	1	15	1092	6	5	28	9422
10.938	1	11	1094	9	12	28	9422
10.961	1	4	1097	2	13	28	9422
10.984	1	1	1099	5	10	28	9422
11.007	1	14	1101	8	15	28	9422
11.03	1	12	1104	1	14	28	9422
11.046	1	7	1105	7	1	28	9422
11.054	1	9	1106	5	6	28	9422
11.077	1	5	1108	8	4	28	9422
11.1	1	8	1111	1	11	28	9422
11.123	1	2	1113	4	7	28	9422
11.146	1	7	1115	7	1	28	9422
11.17	1	15	1118	1	5	28	9422
11.193	1	11	1120	4	12	28	9422
11.207	1	14	1121	8	15	28	9422
11.216	1	1	1122	7	10	28	9422
11.23	1	12	1124	1	14	28	9422
11.239	1	4	1124	10	13	28	9422
11.262	1	14	1127	3	15	28	9422
11.285	1	12	1129	6	14	28	9422
11.3	1	8	1131	1	11	28	9422
11.308	1	9	1131	9	6	28	9422
11.331	1	5	1134	2	4	28	9422
11.354	1	8	1136	5	11	28	9422
11.37	1	15	1138	1	5	28	9422
11.378	1	2	1138	9	7	28	9422
11.401	1	7	1141	2	1	28	9422
11.424	1	15	1143	5	5	28	9422
11.447	1	11	1145	8	12	28	9422
11.462	1	14	1147	3	15	28	9422
11.47	1	14	1148	1	15	28	9422
11.485	1	12	1149	6	14	28	9422
11.493	1	1	1150	4	10	28	9422
11.508	1	9	1151	9	6	28	9422
11.516	1	12	1152	7	14	28	9422
11.54	1	4	1155	1	13	28	9422
11.563	1	8	1157	4	11	28	9422
11.586	1	9	1159	7	6	28	9422
11.601	1	7	1161	2	1	28	9422
11.609	1	5	1161	10	4	28	9422
11.624	1	15	1163	5	5	28	9422
11.632	1	15	1164	3	5	28	9422
11.656	1	2	1166	7	7	28	9422
11.67	1	14	1168	1	15	28	9422
11.679	1	7	1168	10	1	28	9422
11.702	1	11	1171	3	12	28	9422
11.716	1	12	1172	7	14	28	9422
11.725	1	14	1173	6	15	28	9422
11.74	1	4	1175	1	13	28	9422
11.748	1	12	1175	9	14	28	9422
11.772	1	1	1178	3	10	28	9422
11.795	1	9	1180	6	6	28	9422
11.809	1	5	1181	10	4	28	9422
11.818	1	4	1182	9	13	28	9422
11.832	1	15	1184	3	5	28	9422
11.842	1	8	1185	3	11	28	9422
11.853	1	7	1186	4	1	28	9422
11.856	1	2	1186	7	7	28	9422
11.876	1	5	1188	7	4	28	9422
11.9	1	15	1191	1	5	28	9422
11.902	1	11	1191	3	12	28	9422
11.923	1	2	1193	4	7	28	9422
11.946	1	14	1195	7	15	28	9422
11.969	1	11	1197	10	12	28	9422
11.972	1	1	1198	3	10	28	9422
11.993	1	12	1200	4	14	28	9422
12.016	1	4	1202	7	13	28	9422
12.039	1	1	1204	10	10	28	9422
12.062	1	9	1207	3	6	28	9422
12.086	1	5	1209	7	4	28	9422
12.109	1	15	1211	10	5	28	9422
12.132	1	8	1214	3	11	28	9422
12.146	1	14	1215	7	15	28	9422
12.156	1	2	1216	7	7	28	9422
12.179	1	11	1218	10	12	28	9422
12.193	1	12	1220	4	14	28	9422
12.202	1	14	1221	3	15	28	9422
12.226	1	1	1223	7	10	28	9422
12.249	1	12	1225	10	14	28	9422
12.272	1	4	1228	3	13	28	9422
12.296	1	9	1230	7	6	28	9422
12.309	1	15	1231	10	5	28	9422
12.319	1	5	1232	10	4	28	9422
12.332	1	8	1234	3	11	28	9422
12.342	1	15	1235	3	5	28	9422
12.366	1	8	1237	7	11	28	9422
12.389	1	14	1239	10	15	28	9422
12.412	1	2	1242	3	7	28	9422
12.436	1	11	1244	7	12	28	9422
12.449	1	12	1245	10	14	28	9422
12.459	1	12	1246	10	14	28	9422
12.482	1	1	1249	3	10	28	9422
12.496	1	9	1250	7	6	28	9422
12.506	1	4	1251	7	13	28	9422
12.529	1	9	1253	10	6	28	9422
12.542	1	15	1255	3	5	28	9422
12.552	1	15	1256	3	5	28	9422
12.575	1	5	1258	6	4	28	9422
12.599	1	8	1260	10	11	28	9422
12.622	1	14	1263	3	15	28	9422
12.646	1	2	1265	7	7	28	9422
12.659	1	12	1266	10	14	28	9422
12.669	1	11	1267	10	12	28	9422
12.692	1	12	1270	3	14	28	9422
12.716	1	1	1272	7	10	28	9422
12.739	1	9	1274	10	6	28	9422
12.752	1	15	1276	3	5	28	9422
12.762	1	4	1277	3	13	28	9422
12.785	1	15	1279	6	5	28	9422
12.799	1	8	1280	10	11	28	9422
12.809	1	5	1281	10	4	28	9422
12.832	1	8	1284	3	11	28	9422
12.856	1	14	1286	7	15	28	9422
12.879	1	2	1288	10	7	28	9422
12.892	1	12	1290	3	14	28	9422
12.902	1	12	1291	3	14	28	9422
12.926	1	11	1293	7	12	28	9422
12.939	1	9	1294	10	6	28	9422
12.949	1	1	1295	10	10	28	9422
12.962	1	4	1297	3	13	28	9422
12.973	1	9	1298	4	6	28	9422
12.985	1	15	1299	6	5	28	9422
12.996	1	15	1300	7	5	28	9422
13.009	1	5	1301	10	4	28	9422
13.019	1	4	1302	10	13	28	9422
13.032	1	8	1304	3	11	28	9422
13.04	1	8	1305	1	11	28	9422
13.056	1	14	1306	7	15	28	9422
13.062	1	5	1307	3	4	28	9422
13.079	1	2	1308	10	7	28	9422
13.085	1	14	1309	6	15	28	9422
13.108	1	2	1311	9	7	28	9422
13.126	1	11	1313	7	12	28	9422
13.131	1	12	1314	2	14	28	9422
13.149	1	1	1315	10	10	28	9422
13.154	1	11	1316	5	12	28	9422
13.173	1	9	1318	4	6	28	9422
13.174	1	9	1318	5	6	28	9422
13.196	1	1	1320	7	10	28	9422
13.219	1	15	1322	10	5	28	9422
