0.1 0
0.2 0
0.3 0
0.4 0
0.5 0
0.6 0
0.7 0
0.8 0
0.9 0
1 0
1.1 0
1.2 0
1.3 0
1.4 0
1.5 0
1.6 3.136
1.7 0
1.8 4.704
1.9 0
2 4.704
2.1 0
2.2 7.84
2.3 0
2.4 12.992
2.5 0
2.6 20.384
2.7 0
2.8 30.576
2.9 0
3 44.912
3.1 0
3.2 68.88
3.3 0
3.4 81.424
3.5 22.176
3.6 81.648
3.7 72.352
3.8 74.256
3.9 102.928
4 93.296
4.1 105.84
4.2 109.536
4.3 110.208
4.4 102.256
4.5 102.928
4.6 111.104
4.7 97.664
4.8 107.408
4.9 108.864
5 108.08
5.1 108.304
5.2 113.12
5.3 108.416
5.4 97.776
5.5 92.848
5.6 107.968
5.7 112.784
5.8 94.416
5.9 99.68
6 108.08
6.1 108.08
6.2 108.192
6.3 108.304
6.4 106.176
6.5 114.24
6.6 107.968
6.7 104.272
6.8 102.592
6.9 103.264
7 103.6
7.1 113.792
7.2 93.632
7.3 103.824
7.4 112
7.5 100.576
7.6 113.344
7.7 65.408
7.8 40.992
7.9 29.008
8 16.912
8.1 46.928
8.2 98.224
8.3 103.6
8.4 61.152
8.5 114.128
8.6 113.456
8.7 103.152
8.8 108.64
8.9 98.448
9 107.744
9.1 92.288
9.2 0
9.3 98.56
9.4 108.64
9.5 107.968
9.6 107.856
9.7 108.192
9.8 98.448
9.9 103.936
10 101.92
10.1 109.088
10.2 98.896
10.3 103.376
10.4 108.864
10.5 108.64
10.6 113.008
10.7 99.344
10.8 106.4
10.9 113.568
11 103.152
11.1 108.528
11.2 108.64
11.3 108.416
11.4 108.528
11.5 101.808
11.6 112.448
11.7 103.712
11.8 103.488
11.9 108.752
12 103.04
12.1 106.96
12.2 108.4
12.3 96.528
12.4 103.456
12.5 108.624
12.6 113.328
12.7 110.512
12.8 110.992
12.9 39.2
13 256.928
13.1 65.968
13.2 169.12
13.3 65.632
13.4 92.736
13.5 61.36
13.6 70.448
13.7 10.304
13.8 65.168
13.9 10.304
14 38.976
14.1 4.576
14.2 6.16
14.3 2.016
14.4 2.688
14.5 5.488
14.6 2.912
14.7 5.488
14.8 2.688
14.9 5.824
15 2.8
15.1 5.936
15.2 1.792
15.3 7.056
15.4 0.672
15.5 8.4
15.6 0.672
15.7 8.512
15.8 0.672
15.9 8.736
16 0.672
16.1 8.848
16.2 0.672
16.3 9.072
16.4 0.56
16.5 9.184
16.6 0.448
16.7 9.632
16.8 0.448
16.9 9.744
17 0.448
17.1 9.856
17.2 0.336
17.3 10.08
17.4 0.224
17.5 10.304
17.6 0.224
17.7 10.416
17.8 0.224
17.9 10.864
18 0.224
18.1 10.864
18.2 0.224
18.3 10.864
18.4 0.224
18.5 11.2
18.6 0.224
18.7 11.312
18.8 0.224
18.9 11.424
19 0.224
19.1 11.536
19.2 0.224
19.3 11.872
19.4 0.112
19.5 12.096
19.6 0
19.7 11.424
19.8 0.896
19.9 9.072
20 3.36
20.1 9.296
20.2 3.472
20.3 9.52
20.4 3.36
20.5 9.52
20.6 3.472
20.7 9.296
20.8 3.808
20.9 9.52
21 3.92
21.1 9.52
21.2 4.032
21.3 7.056
21.4 6.608
21.5 6.72
21.6 6.944
21.7 6.832
21.8 7.056
21.9 7.056
22 6.944
22.1 7.28
22.2 7.056
22.3 7.28
22.4 7.168
22.5 7.28
22.6 7.28
22.7 7.504
22.8 7.168
22.9 7.728
23 7.168
23.1 7.728
23.2 7.28
23.3 7.728
23.4 7.392
23.5 7.952
23.6 7.504
23.7 8.064
23.8 7.504
23.9 8.176
24 7.504
24.1 6.72
24.2 9.072
24.3 5.712
24.4 10.416
24.5 4.816
24.6 11.424
24.7 4.704
24.8 11.648
24.9 4.704
25 11.76
25.1 4.592
25.2 12.208
25.3 4.48
25.4 12.432
25.5 4.48
25.6 12.544
25.7 4.368
25.8 12.768
25.9 4.368
26 13.104
26.1 4.144
26.2 13.328
26.3 4.144
26.4 12.096
26.5 5.6
26.6 11.2
26.7 6.496
26.8 11.312
26.9 6.72
27 11.424
27.1 6.72
27.2 11.536
27.3 6.944
27.4 11.424
27.5 6.944
27.6 11.312
27.7 7.28
27.8 11.536
27.9 7.168
28 11.76
28.1 4.912
28.2 9.296
28.3 3.36
28.4 9.52
28.5 3.36
28.6 9.744
28.7 2.224
28.8 6.16
28.9 0.448
29 6.048
29.1 0.448
29.2 6.16
29.3 0.448
29.4 6.272
29.5 0.448
29.6 6.384
29.7 0.448
29.8 2
29.9 0
30 0
30.1 0
30.2 0
30.3 0
30.4 0
30.5 0
30.6 0
30.7 0
30.8 0
30.9 0
31 0
31.1 0
31.2 0
31.3 0
31.4 0
31.5 0
31.6 0
31.7 0
31.8 0
31.9 0
32 0
32.1 0
32.2 0
32.3 0
32.4 0
32.5 0
32.6 0
32.7 0
32.8 0
32.9 0
33 0
33.1 0
33.2 0
33.3 0
33.4 0
33.5 0
33.6 0
33.7 0
33.8 0
33.9 0
34 0
34.1 0
34.2 0
34.3 0
34.4 0
34.5 0
34.6 0
34.7 0
34.8 0
34.9 0
35 0
35.1 0
35.2 0
35.3 0
35.4 0
35.5 0
35.6 0
35.7 0
35.8 0
35.9 0
36 0
36.1 0
36.2 0
36.3 0
36.4 0
36.5 0
36.6 0
36.7 0
36.8 0
36.9 0
37 0
37.1 0
37.2 0
37.3 0
37.4 0
37.5 0
37.6 0
37.7 0
37.8 0
37.9 0
38 0
38.1 0
38.2 0
38.3 0
38.4 0
38.5 0
38.6 0
38.7 0
38.8 0
38.9 0
39 0
39.1 0
39.2 0
39.3 0
39.4 0
39.5 0
39.6 0
39.7 0
39.8 0
39.9 0
40 0
40.1 0
40.2 0
40.3 0
40.4 0
40.5 0
40.6 0
40.7 0
40.8 0
40.9 0
41 0
41.1 0
41.2 0
41.3 0
41.4 0
41.5 0
41.6 0
41.7 0
41.8 0
41.9 0
42 0
42.1 0
42.2 0
42.3 0
42.4 0
42.5 0
42.6 0
42.7 0
42.8 0
42.9 0
43 0
43.1 0
43.2 0
43.3 0
43.4 0
43.5 0
43.6 0
43.7 0
43.8 0
43.9 0
44 0
44.1 0
44.2 0
44.3 0
44.4 0
44.5 0
44.6 0
44.7 0
44.8 0
44.9 0
45 0
45.1 0
45.2 0
45.3 0
45.4 0
45.5 0
45.6 0
45.7 0
45.8 0
45.9 0
46 0
46.1 0
46.2 0
46.3 0
46.4 0
46.5 0
46.6 0
46.7 0
46.8 0
46.9 0
47 0
47.1 0
47.2 0
47.3 0
47.4 0
47.5 0
47.6 0
47.7 0
47.8 0
47.9 0
48 0
48.1 0
48.2 0
48.3 0
48.4 0
48.5 0
48.6 0
48.7 0
48.8 0
48.9 0
49 0
49.1 0
49.2 0
49.3 0
49.4 0
49.5 0
49.6 0
49.7 0
49.8 0
49.9 0
50 0
50.1 0
50.2 0
50.3 0
50.4 0
50.5 0
50.6 0
50.7 0
50.8 0
50.9 0
51 0
51.1 0
51.2 0
51.3 0
51.4 0
51.5 0
51.6 0
51.7 0
51.8 0
51.9 0
52 0
52.1 0
52.2 0
52.3 0
52.4 0
52.5 0
52.6 0
52.7 0
52.8 0
52.9 0
53 0
53.1 0
53.2 0
53.3 0
53.4 0
53.5 0
53.6 0
53.7 0
53.8 0
53.9 0
54 0
54.1 0
54.2 0
54.3 0
54.4 0
54.5 0
54.6 0
54.7 0
54.8 0
54.9 0
55 0
55.1 0
55.2 0
55.3 0
55.4 0
55.5 0
55.6 0
55.7 0
55.8 0
55.9 0
56 0
56.1 0
56.2 0
56.3 0
56.4 0
56.5 0
56.6 0
56.7 0
56.8 0
56.9 0
57 0
57.1 0
57.2 0
57.3 0
57.4 0
57.5 0
57.6 0
57.7 0
57.8 0
57.9 0
58 0
58.1 0
58.2 0
58.3 0
58.4 0
58.5 0
58.6 0
58.7 0
58.8 0
58.9 0
59 0
59.1 0
59.2 0
59.3 0
59.4 0
59.5 0
59.6 0
59.7 0
59.8 0
59.9 0
