1059	0
1144	1
1144	2
1228	4
1271	3
1355	6
1398	5
1398	7
1482	8
1482	10
1525	9
1566	12
1609	14
1609	16
1609	11
1609	13
1652	15
1693	18
1693	20
1693	22
1736	24
1736	17
1736	19
1736	21
1779	23
1779	25
1820	26
1820	28
1820	30
1820	32
1820	34
1863	36
1863	27
1863	29
1863	31
1863	33
1904	38
1904	40
1906	35
1906	37
1947	42
1947	44
1947	46
1947	48
1947	50
1947	52
1947	39
1990	54
1990	56
1990	58
1990	41
1990	43
1990	45
1990	47
1990	49
1990	51
2031	60
2033	53
2033	55
2033	57
2074	62
2074	64
2074	66
2074	68
2074	70
2074	72
2074	74
2074	76
2074	78
2074	59
2074	61
2117	80
2117	82
2117	84
2117	86
2117	88
2117	63
2117	65
2117	67
2117	69
2117	71
2117	73
2118	75
2118	77
2118	79
2158	90
2158	92
2158	94
2160	81
2160	83
2160	85
2160	87
2201	96
2201	98
2201	100
2201	101
2201	102
2201	103
2201	104
2201	106
2201	89
2201	91
2201	93
2202	107
2202	108
2202	109
2202	110
2202	112
2202	113
2202	114
2202	115
2202	117
2202	118
2202	119
2203	120
2203	121
2244	123
2244	124
2244	125
2244	126
2244	128
2244	129
2244	130
2244	131
2244	95
2244	97
2244	99
2244	105
2244	111
2244	116
2245	132
2285	134
2285	135
2285	136
2285	137
2285	138
2285	140
2285	141
2285	142
2287	122
2287	127
2287	133
2328	143
2328	145
2328	146
2328	147
2328	148
2328	149
2328	151
2328	152
2328	153
2328	139
2329	154
2329	156
2329	157
2329	158
2329	159
2329	160
2329	162
2329	163
2329	164
2329	165
2329	167
2330	168
2330	169
2330	170
2330	171
2330	173
2330	174
2330	175
2330	176
2330	177
2330	179
2330	180
2331	181
2371	182
2371	184
2371	185
2371	186
2371	187
2371	188
2371	190
2371	191
2371	192
2371	144
2371	150
2371	155
2371	161
2371	166
2371	172
2372	193
2372	195
2372	196
2372	197
2372	198
2372	200
2372	201
2372	203
2372	204
2372	206
2372	207
2372	178
2412	209
2412	211
2412	212
2412	214
2414	183
2414	189
2414	194
2414	199
2414	202
2414	205
2415	208
2455	215
2455	217
2455	219
2455	220
2455	222
2455	223
2455	225
2455	227
2455	228
2455	210
2455	213
2456	230
2456	231
2456	233
2456	234
2456	236
2456	238
2456	239
2456	241
2456	242
2456	244
2456	246
2457	247
2457	249
2457	250
2457	252
2457	254
2457	255
2457	257
2457	258
2457	260
2457	262
2457	263
2457	265
2458	266
2458	268
2458	269
2458	271
2458	273
2458	274
2498	276
2498	277
2498	279
2498	281
2498	282
2498	284
2498	285
2498	287
2498	216
2498	218
2498	221
2498	224
2498	226
2498	229
2499	289
2499	290
2499	292
2499	293
2499	295
2499	296
2499	298
2499	300
2499	301
2499	302
2499	304
2499	232
2499	235
2499	237
2499	240
2499	243
2499	245
2500	305
2500	307
2500	308
2500	310
2500	311
2500	313
2500	248
2500	251
2500	253
2500	256
2500	259
2500	261
2500	264
2501	267
2501	270
2501	272
2539	314
2539	316
2539	317
2539	318
2539	320
2539	321
2541	275
2541	278
2541	280
2541	283
2541	286
2541	288
2542	291
2542	294
2542	297
2542	299
2542	303
2542	306
2543	309
2543	312
2582	323
2582	324
2582	326
2582	327
2582	329
2582	330
2582	332
2582	333
2582	334
2582	315
2582	319
2582	322
2583	336
2583	337
2583	339
2583	340
2583	342
2583	343
2583	345
2583	346
2583	348
2583	349
2583	351
2584	352
2584	353
2584	355
2584	356
2584	358
2584	359
2584	361
2584	362
2584	364
2584	365
2584	367
2585	368
2585	369
2585	371
2585	372
2585	374
2585	375
2585	377
2585	378
2585	380
2585	381
2585	383
2585	384
2586	385
2586	387
2586	388
2586	390
2586	391
2586	393
2586	394
2586	396
2587	397
2587	400
2587	401
2587	402
2587	403
2587	404
2587	405
2587	406
2587	407
2587	408
2587	409
2588	410
2588	412
2625	413
2625	414
2625	415
2625	416
2625	417
2625	418
2625	419
2625	420
2625	421
2625	325
2625	328
2625	331
2625	335
2625	338
2625	341
2626	422
2626	424
2626	425
2626	426
2626	427
2626	428
2626	429
2626	430
2626	431
2626	432
2626	433
2626	344
2626	347
2626	350
2626	354
2626	357
2626	360
2627	435
2627	436
2627	437
2627	438
2627	439
2627	440
2627	441
2627	442
2627	443
2627	444
2627	445
2627	363
2627	366
2627	370
2627	373
2627	376
2627	379
2627	382
2628	447
2628	448
2628	449
2628	450
2628	451
2628	452
2628	453
2628	454
2628	455
2628	456
2628	458
2628	386
2628	389
2628	392
2628	395
2628	398
2628	399
2629	459
2629	460
2629	461
2629	462
2629	463
2629	464
2629	465
2629	466
2629	467
2629	411
2630	468
2630	470
2630	471
2630	472
2666	473
2666	474
2666	475
2666	476
2666	477
2666	478
2666	479
2666	481
2666	482
2667	483
2667	484
2667	485
2667	486
2667	487
2668	423
2668	434
2668	446
2668	457
2668	469
2709	488
2709	489
2709	490
2709	491
2709	493
2709	494
2709	495
2709	496
2709	497
2709	480
2710	498
2710	500
2710	501
2710	502
2710	504
2710	505
2710	506
2710	508
2710	509
2710	511
2710	512
2711	513
2711	515
2711	516
2711	517
2711	519
2711	520
2711	522
2711	523
2711	524
2711	526
2711	527
2712	529
2712	530
2712	531
2712	533
2712	534
2712	535
2712	537
2712	538
2712	540
2712	541
2712	542
2713	544
2713	545
2713	546
2713	548
2713	549
2713	551
2713	552
2713	553
2713	555
2713	556
2714	558
2714	559
2714	560
2714	562
2714	563
2714	564
2714	566
2714	567
2714	569
2714	570
2714	571
2715	573
2715	574
2715	576
2715	577
2715	578
2715	580
2715	581
2715	582
2715	584
2715	585
2715	587
2716	588
2716	589
2716	591
2716	592
2716	593
2716	595
2716	596
2716	598
2716	600
2752	700
2752	715
2752	492
2752	499
2752	503
2752	507
2752	510
2752	514
2753	518
2753	521
2753	525
2753	528
2753	532
2753	536
2754	539
2754	543
2754	547
2754	550
2754	554
2754	557
2754	561
2755	565
2755	568
2755	572
2755	575
2755	579
2755	583
2756	586
2756	590
2756	594
2756	597
2756	599
2756	601
2757	602
2757	603
2757	604
2757	605
2757	606
2757	607
2757	608
2758	609
2758	610
2758	611
2758	612
2758	613
2758	614
2759	615
2759	616
2759	617
2759	618
2759	619
2759	620
2759	621
2760	622
2760	623
2760	624
2760	625
2760	626
2760	627
2761	628
2761	629
2761	630
2761	631
2761	632
2761	633
2762	634
2793	730
2795	635
2795	636
2795	637
2795	638
2795	639
2795	640
2796	641
2796	642
2796	643
2796	644
2796	645
2796	646
2797	647
2797	648
2797	649
2797	650
2797	651
2797	652
2797	653
2798	654
2798	655
2798	656
2798	657
2798	658
2798	659
2799	660
2799	661
2799	662
2799	663
2799	664
2799	665
2800	666
2800	667
2800	668
2800	669
2800	670
2800	671
2800	672
2801	673
2801	674
2801	675
2801	676
2801	677
2801	678
2802	679
2802	680
2802	681
2802	682
2802	683
2802	684
2802	685
2803	686
2803	687
2803	688
2803	689
2803	690
2803	691
2804	692
2804	693
2804	694
2804	695
2804	696
2804	697
2805	698
2805	699
2805	701
2805	702
2805	703
2805	704
2805	705
2806	706
2806	707
2806	708
2806	709
2806	710
2806	711
2807	712
2807	713
2807	714
2807	716
2807	717
2807	718
2836	745
2836	760
2836	775
2836	791
2836	800
2836	801
2836	802
2836	803
2836	804
2836	719
2836	720
2836	721
2836	722
2836	723
2836	724
2837	805
2837	806
2837	807
2837	808
2837	809
2837	810
2837	811
2837	812
2837	813
2837	814
2837	815
2837	816
2837	725
2837	726
2837	727
2837	728
2837	729
2837	731
2838	817
2838	818
2838	819
2838	820
2838	821
2838	822
2838	823
2838	824
2838	825
2838	826
2838	827
2838	732
2838	733
2838	734
2838	735
2838	736
2839	828
2839	829
2839	830
2839	831
2839	832
2839	833
2839	834
2839	835
2839	836
2839	837
2839	838
2840	839
2840	840
2840	841
2840	842
2840	843
2840	844
2840	845
2840	846
2840	847
2841	848
2841	849
2841	850
2841	851
2841	852
2841	853
2841	854
2841	855
2841	856
2841	857
2841	858
2842	859
2842	860
2842	861
2842	862
2842	863
2842	864
2842	865
2842	866
2842	867
2842	868
2842	869
2843	870
2843	871
2843	872
2843	873
2843	874
2843	875
2843	876
2843	877
2843	878
2843	879
2843	880
2844	881
2844	882
2844	883
2844	884
2844	885
2844	886
2844	887
2844	888
2844	889
2844	890
2845	891
2845	892
2845	893
2845	894
2845	895
2845	896
2845	897
2845	898
2845	900
2879	1000
2879	1002
2879	1004
2879	1007
2879	1009
2879	1012
2879	1014
2879	1017
2879	1019
2879	737
2879	738
2879	739
2879	740
2879	741
2879	742
2880	1022
2880	1024
2880	1027
2880	1029
2880	1032
2880	1034
2880	743
2880	744
2880	746
2880	747
2880	748
2880	749
2881	1037
2881	1039
2881	1042
2881	1044
2881	750
2881	751
2881	752
2881	753
2881	754
2881	755
2881	756
2882	1047
2882	1049
2882	1052
2882	1054
2882	1057
2882	757
2882	758
2882	759
2882	761
2882	762
2882	763
2883	1059
2883	1062
2883	1064
2883	764
2883	765
2883	766
2883	767
2883	768
2883	769
2884	1067
2884	1069
2884	1072
2884	1074
2884	1077
2884	770
2884	771
2884	772
2884	773
2884	774
2884	776
2884	777
2885	778
2885	779
2885	780
2885	781
2885	782
2885	783
2886	784
2886	785
2886	786
2886	787
2886	788
2886	789
2886	790
2887	792
2887	793
2887	794
2887	795
2887	796
2887	797
2888	798
2888	799
2888	899
2888	901
2888	902
2888	903
2889	904
2889	905
2889	906
2889	907
2889	908
2889	909
2889	910
2890	911
2890	912
2890	913
2890	914
2890	915
2890	916
2891	917
2891	918
2891	919
2891	920
2891	921
2891	922
2892	923
2892	924
2892	925
2892	926
2892	927
2892	928
2892	929
2893	930
2893	931
2893	932
2893	933
2893	934
2893	935
2894	936
2894	937
2894	938
2894	939
2894	940
2894	941
2894	942
2895	943
2895	944
2895	945
2895	946
2895	947
2895	948
2896	949
2896	950
2896	951
2896	952
2920	1079
2920	1082
2920	1084
2920	1087
2920	1089
2920	1092
2920	1094
2920	1097
2920	1100
2921	1101
2921	1102
2921	1103
2921	1104
2921	1105
2922	953
2922	954
2922	955
2922	956
2922	957
2922	958
2923	959
2923	960
2923	961
2923	962
2923	963
2923	964
2924	965
2924	966
2924	967
2924	968
2924	969
2924	970
2924	971
2925	972
2925	973
2925	974
2925	975
2925	976
2925	977
2926	978
2926	979
2926	980
2926	981
2926	982
2926	983
2927	984
2927	985
2927	986
2927	987
2927	988
2927	989
2927	990
2928	991
2928	992
2928	993
2928	994
2928	995
2928	996
2929	997
2929	998
2929	999
2929	1001
2929	1003
2929	1005
2929	1006
2930	1008
2930	1010
2930	1011
2930	1013
2930	1015
2930	1016
2931	1018
2931	1020
2931	1021
2931	1023
2931	1025
2931	1026
2932	1028
2932	1030
2932	1031
2932	1033
2932	1035
2932	1036
2932	1038
2933	1040
2933	1041
2933	1043
2933	1045
2933	1046
2933	1048
2934	1050
2934	1051
2934	1053
2934	1055
2934	1056
2934	1058
2935	1060
2935	1061
2935	1063
2935	1065
2935	1066
2935	1068
2935	1070
2936	1071
2936	1073
2936	1075
2936	1076
2936	1078
2963	1106
2963	1107
2963	1108
2963	1109
2963	1110
2963	1111
2963	1112
2963	1113
2963	1114
2963	1080
2963	1081
2963	1083
2963	1085
2963	1086
2963	1088
2964	1115
2964	1116
2964	1117
2964	1118
2964	1119
2964	1120
2964	1121
2964	1123
2964	1124
2964	1125
2964	1126
2964	1090
2964	1091
2964	1093
2964	1095
2964	1096
2964	1098
2965	1127
2965	1128
2965	1129
2965	1130
2965	1131
2965	1132
2965	1133
2965	1134
2965	1135
2965	1136
2965	1137
2965	1099
2966	1138
2966	1139
2966	1140
2966	1141
2966	1142
2966	1143
2966	1145
2966	1146
2966	1147
2966	1148
2966	1149
2967	1150
2967	1151
2967	1152
2967	1153
2967	1154
2967	1155
2967	1156
2967	1157
2967	1158
2967	1159
2968	1160
2968	1161
2968	1162
2968	1163
2968	1164
2968	1165
2968	1166
2968	1168
2968	1169
2968	1170
2968	1171
2969	1172
2969	1173
2969	1174
2969	1175
2969	1176
2969	1177
2969	1178
2969	1179
2969	1180
2969	1181
2969	1182
2970	1183
2970	1184
2970	1185
2970	1186
2970	1187
2970	1188
2970	1190
2970	1191
2970	1192
2970	1193
2970	1194
2971	1195
2971	1196
2971	1197
2971	1198
2971	1200
2971	1201
2971	1202
2972	1203
2972	1204
2972	1205
2972	1206
2972	1207
2972	1208
2972	1209
2972	1210
2972	1211
2972	1212
2972	1213
2973	1214
2973	1215
2973	1216
2973	1217
2973	1218
2973	1219
2973	1220
2973	1221
2973	1222
2973	1223
2973	1224
2974	1225
2974	1226
2974	1227
2974	1228
2974	1229
2974	1230
2974	1231
2974	1232
2974	1233
2974	1234
2974	1235
2975	1236
2975	1237
2975	1238
2975	1239
2975	1240
2975	1241
2975	1242
2975	1243
2975	1244
2975	1246
2976	1247
2976	1248
2976	1249
2976	1250
2976	1251
2976	1252
2976	1253
2976	1254
2976	1255
2976	1256
2976	1257
2977	1258
2977	1259
2977	1260
2977	1261
2977	1262
2977	1263
2977	1264
2977	1265
2977	1266
2977	1267
2977	1268
2978	1269
2978	1270
2978	1271
2978	1272
2978	1273
2978	1274
2978	1275
2978	1276
2978	1277
2978	1278
2978	1279
2979	1280
2979	1281
2979	1282
2979	1283
2979	1284
2979	1285
2979	1286
2979	1287
2979	1288
2980	1289
2980	1290
2980	1292
2980	1293
2980	1294
2980	1295
2980	1296
2980	1297
2980	1298
2980	1300
2980	1400
3006	1500
3006	1505
3006	1122
3006	1144
3006	1167
3007	1511
3007	1516
3007	1522
3007	1189
3008	1528
3008	1533
3008	1539
3008	1199
3008	1245
3008	1291
3008	1299
3008	1301
3008	1302
3009	1545
3009	1550
3009	1556
3009	1303
3009	1304
3009	1305
3009	1306
3009	1307
3009	1308
3010	1561
3010	1567
3010	1573
3010	1309
3010	1310
3010	1311
3010	1312
3010	1313
3010	1314
3010	1315
3011	1578
3011	1584
3011	1316
3011	1317
3011	1318
3011	1319
3011	1320
3011	1321
3012	1590
3012	1595
3012	1600
3012	1322
3012	1323
3012	1324
3012	1325
3012	1326
3012	1327
3013	1328
3013	1329
3013	1330
3013	1331
3013	1332
3013	1333
3013	1334
3014	1335
3014	1336
3014	1337
3014	1338
3014	1339
3014	1340
3015	1341
3015	1342
3015	1343
3015	1344
3015	1345
3015	1346
3015	1347
3016	1348
3016	1349
3016	1350
3016	1351
3016	1352
3016	1353
3017	1354
3017	1355
3017	1356
3017	1357
3017	1358
3017	1359
3018	1360
3018	1361
3018	1362
3018	1363
3018	1364
3018	1365
3018	1366
3019	1367
3019	1368
3019	1369
3019	1370
3019	1371
3019	1372
3020	1373
3020	1374
3020	1375
3020	1376
3020	1377
3020	1378
3021	1379
3021	1380
3021	1381
3021	1382
3021	1383
3021	1384
3021	1385
3022	1386
3022	1387
3022	1388
3022	1389
3022	1390
3022	1391
3023	1392
3023	1393
3023	1394
3023	1395
3023	1396
3023	1397
3023	1398
3024	1399
3024	1401
3024	1402
3024	1403
3024	1404
3024	1405
3025	1406
3025	1407
3025	1408
3025	1409
3025	1410
3025	1411
3026	1412
3026	1413
3026	1414
3026	1415
3026	1416
3026	1417
3026	1418
3027	1419
3027	1420
3027	1421
3027	1422
3027	1423
3027	1424
3028	1425
3028	1426
3028	1427
3028	1428
3028	1429
3049	1430
3049	1431
3049	1432
3049	1433
3049	1434
3049	1435
3050	1436
3050	1437
3050	1438
3050	1439
3050	1440
3050	1441
3051	1442
3051	1443
3051	1444
3051	1445
3051	1446
3051	1447
3051	1448
3052	1449
3052	1450
3052	1451
3052	1452
3052	1453
3052	1454
3053	1455
3053	1456
3053	1457
3053	1458
3053	1459
3053	1460
3054	1461
3054	1462
3054	1463
3054	1464
3054	1465
3054	1466
3054	1467
3055	1468
3055	1469
3055	1470
3055	1471
3055	1472
3055	1473
3056	1474
3056	1475
3056	1476
3056	1477
3056	1478
3056	1479
3056	1480
3057	1481
3057	1482
3057	1483
3057	1484
3057	1485
3057	1486
3058	1487
3058	1488
3058	1489
3058	1490
3058	1491
3058	1492
3059	1493
3059	1494
3059	1495
3059	1496
3059	1497
3059	1498
3059	1499
3060	1501
3060	1502
3060	1503
3060	1504
3060	1506
3060	1507
3061	1508
3061	1509
3061	1510
3061	1512
3061	1513
3061	1514
3062	1515
3062	1517
3062	1518
3062	1519
3062	1520
3062	1521
3062	1523
3063	1524
3063	1525
3063	1526
3063	1527
3063	1529
3063	1530
3064	1531
3064	1532
3064	1534
3064	1535
3064	1536
3064	1537
3064	1538
3065	1540
3065	1541
3065	1542
3065	1543
3065	1544
3065	1546
3066	1547
3066	1548
3066	1549
3066	1551
3066	1552
3066	1553
3067	1554
3067	1555
3067	1557
3067	1558
3067	1559
3067	1560
3067	1562
3068	1563
3068	1564
3068	1565
3068	1566
3068	1568
3068	1569
3069	1570
3069	1571
3069	1572
3069	1574
3069	1575
3069	1576
3069	1577
3070	1579
3070	1580
3070	1581
3070	1582
3070	1583
3070	1585
3071	1586
3071	1587
3071	1588
3071	1589
3071	1591
3071	1592
3072	1593
3072	1594
3072	1596
3072	1597
3072	1598
3072	1599
3072	1601
3073	1602
3073	1603
3073	1604
3073	1605
3073	1606
3073	1607
3074	1608
3074	1609
3074	1610
3074	1611
3074	1612
3074	1613
3075	1614
3075	1615
3075	1616
3075	1617
3075	1618
3090	1700
3090	1701
3090	1702
3090	1703
3090	1704
3090	1705
3090	1706
3090	1707
3090	1708
3090	1619
3090	1620
3090	1621
3090	1622
3090	1623
3090	1624
3091	1709
3091	1710
3091	1711
3091	1712
3091	1713
3091	1714
3091	1715
3091	1716
3091	1717
3091	1718
3091	1719
3091	1625
3091	1626
3091	1627
3091	1628
3091	1629
3091	1630
3092	1720
3092	1721
3092	1722
3092	1723
3092	1724
3092	1725
3092	1726
3092	1727
3092	1728
3092	1729
3092	1730
3092	1631
3092	1632
3092	1633
3092	1634
3092	1635
3092	1636
3092	1637
3093	1731
3093	1732
3093	1733
3093	1734
3093	1735
3093	1736
3093	1737
3093	1738
3093	1739
3093	1740
3093	1741
3093	1638
3093	1639
3093	1640
3093	1641
3093	1642
3093	1643
3094	1742
3094	1743
3094	1744
3094	1745
3094	1746
3094	1747
3094	1748
3094	1749
3094	1750
3094	1644
3094	1645
3094	1646
3094	1647
3094	1648
3094	1649
3095	1751
3095	1752
3095	1753
3095	1754
3095	1755
3095	1756
3095	1757
3095	1758
3095	1759
3095	1760
3095	1761
3095	1762
3095	1650
3095	1651
3095	1652
3095	1653
3095	1654
3095	1655
3095	1656
3096	1763
3096	1764
3096	1765
3096	1766
3096	1767
3096	1768
3096	1769
3096	1770
3096	1771
3096	1772
3096	1773
3096	1657
3096	1658
3096	1659
3096	1660
3096	1661
3096	1662
3097	1774
3097	1775
3097	1776
3097	1777
3097	1778
3097	1779
3097	1781
3097	1782
3097	1783
3097	1784
3097	1785
3097	1663
3097	1664
3097	1665
3097	1666
3097	1667
3097	1668
3097	1669
3098	1786
3098	1787
3098	1788
3098	1789
3098	1790
3098	1791
3098	1792
3098	1793
3098	1670
3098	1671
3098	1672
3098	1673
3098	1674
3098	1675
3099	1794
3099	1795
3099	1796
3099	1797
3099	1798
3099	1800
3099	1900
3099	2000
3099	1676
3099	1677
3099	1678
3099	1679
3099	1680
3099	1681
3101	2100
3133	2200
3133	2201
3133	2203
3133	2204
3133	2206
3133	2207
3133	2209
3133	2211
3133	1682
3133	1683
3133	1684
3133	1685
3133	1686
3133	1687
3134	2212
3134	2214
3134	2215
3134	2217
3134	1688
3134	1689
3134	1690
3134	1691
3134	1692
3134	1693
3135	2219
3135	2220
3135	2222
3135	2223
3135	1694
3135	1695
3135	1696
3135	1697
3135	1698
3135	1699
3135	1780
3136	2225
3136	2227
3136	2228
3136	2230
3136	2231
3136	1799
3136	1801
3136	1802
3136	1803
3136	1804
3136	1805
3137	2233
3137	2234
3137	2236
3137	1806
3137	1807
3137	1808
3137	1809
3137	1810
3137	1811
3138	2238
3138	2239
3138	2241
3138	2242
3138	2244
3138	1812
3138	1813
3138	1814
3138	1815
3138	1816
3138	1817
3138	1818
3139	2246
3139	2247
3139	2249
3139	2250
3139	2252
3139	1819
3139	1820
3139	1821
3139	1822
3139	1823
3139	1824
3140	2254
3140	2255
3140	2257
3140	2258
3140	2260
3140	1825
3140	1826
3140	1827
3140	1828
3140	1829
3140	1830
3140	1831
3141	2262
3141	2263
3141	2265
3141	2266
3141	2268
3141	2269
3141	1832
3141	1833
3141	1834
3141	1835
3141	1836
3141	1837
3142	2271
3142	2273
3142	2274
3142	2276
3142	2277
3142	1838
3142	1839
3142	1840
3142	1841
3142	1842
3142	1843
3143	2279
3143	2281
3143	2282
3143	1844
3143	1845
3143	1846
3143	1847
3143	1848
3143	1849
3143	1850
3144	2284
3144	2285
3144	2287
3144	2289
3144	2290
3144	2292
3144	2293
3144	1851
3144	1852
3144	1853
3144	1854
3144	1855
3144	1856
3145	2295
3145	2296
3145	2298
3145	1857
3145	1858
3145	1859
3145	1860
3145	1861
3145	1862
3146	2300
3146	2301
3146	2303
3146	2304
3146	2306
3146	2307
3146	2309
3146	1863
3146	1864
3146	1865
3146	1866
3146	1867
3146	1868
3146	1869
3147	2311
3147	2312
3147	2314
3147	2315
3147	1870
3147	1871
3147	1872
3147	1873
3147	1874
3147	1875
3148	2317
3148	2318
3148	2320
3148	2322
3148	2323
3148	1876
3148	1877
3148	1878
3148	1879
3148	1880
3148	1881
3148	1882
3149	2325
3149	2326
3149	2328
3149	2329
3149	2331
3149	1883
3149	1884
3149	1885
3149	1886
3149	1887
3149	1888
3150	2333
3150	2334
3150	2336
3150	2337
3150	1889
3150	1890
3150	1891
3150	1892
3150	1893
3150	1894
3151	2339
3151	2340
3151	2342
3151	1895
3151	1896
3151	1897
3151	1898
3151	1899
3151	1901
3151	1902
3152	2344
3152	2345
3152	2347
3152	2348
3152	1903
3152	1904
3152	1905
3152	1906
3152	1907
3152	1908
3153	1909
3153	1910
3153	1911
3153	1912
3153	1913
3153	1914
3153	1915
3154	1916
3154	1917
3154	1918
3154	1919
3154	1920
3154	1921
3155	1922
3155	1923
3155	1924
3155	1925
3155	1926
3155	1927
3156	1928
3156	1929
3156	1930
3156	1931
3156	1932
3156	1933
3156	1934
3157	1935
3157	1936
3157	1937
3157	1938
3157	1939
3157	1940
3158	1941
3158	1942
3158	1943
3158	1944
3158	1945
3158	1946
3159	1947
3159	1948
3159	1949
3159	1950
3159	1951
3159	1952
3159	1953
3160	1954
3160	1955
3160	1956
3160	1957
3160	1958
3160	1959
3161	1960
3161	1961
3161	1962
3161	1963
3161	1964
3161	1965
3161	1966
3162	1967
3162	1968
3162	1969
3162	1970
3162	1971
3162	1972
3163	1973
3163	1974
3163	1975
3163	1976
3163	1977
3163	1978
3164	1979
3164	1980
3164	1981
3164	1982
3164	1983
3164	1984
3164	1985
3165	1986
3165	1987
3165	1988
3165	1989
3165	1990
3165	1991
3166	1992
3166	1993
3166	1994
3166	1995
3166	1996
3166	1997
3166	1998
3167	1999
3167	2001
3167	2002
3167	2003
3167	2004
3167	2005
3168	2006
3168	2007
3168	2008
3168	2009
3168	2010
3168	2011
3169	2012
3169	2013
3169	2014
3169	2015
3169	2016
3169	2017
3169	2018
3170	2019
3170	2020
3170	2021
3170	2022
3170	2023
3170	2024
3171	2025
3171	2026
3171	2027
3171	2028
3171	2029
3171	2030
3172	2031
3172	2032
3172	2033
3172	2034
3172	2035
3172	2036
3172	2037
3173	2038
3173	2039
3173	2040
3173	2041
3173	2042
3173	2043
3174	2350
3174	2352
3174	2353
3174	2355
3174	2356
3174	2358
3174	2359
3174	2361
3174	2363
3174	2044
3174	2045
3174	2046
3174	2047
3174	2048
3174	2049
3174	2050
3175	2364
3175	2366
3175	2367
3175	2369
3175	2370
3175	2372
3175	2374
3175	2375
3175	2377
3175	2378
3175	2380
3175	2051
3175	2052
3175	2053
3175	2054
3175	2055
3175	2056
3176	2381
3176	2383
3176	2385
3176	2386
3176	2388
3176	2389
3176	2391
3176	2393
3176	2394
3176	2396
3176	2397
3176	2057
3176	2058
3176	2059
3176	2060
3176	2061
3176	2062
3177	2400
3177	2401
3177	2402
3177	2403
3177	2404
3177	2405
3177	2063
3177	2064
3177	2065
3177	2066
3177	2067
3177	2068
3177	2069
3178	2406
3178	2407
3178	2408
3178	2409
3178	2410
3178	2070
3178	2071
3178	2072
3178	2073
3178	2074
3178	2075
3179	2076
3179	2077
3179	2078
3179	2079
3179	2080
3179	2081
3179	2082
3180	2083
3180	2084
3180	2085
3180	2086
3180	2087
3180	2088
3181	2089
3181	2090
3181	2091
3181	2092
3181	2093
3181	2094
3182	2095
3182	2096
3182	2097
3182	2098
3182	2099
3182	2101
3182	2102
3183	2103
3183	2104
3183	2105
3183	2106
3183	2107
3183	2108
3184	2109
3184	2110
3184	2111
3184	2112
3184	2113
3184	2114
3185	2115
3185	2116
3185	2117
3185	2118
3185	2119
3185	2120
3185	2121
3186	2122
3186	2123
3186	2124
3186	2125
3186	2126
3186	2127
3187	2128
3187	2129
3187	2130
3187	2131
3187	2132
3187	2133
3187	2134
3188	2135
3188	2136
3188	2137
3188	2138
3188	2139
3188	2140
3189	2141
3189	2142
3189	2143
3189	2144
3189	2145
3189	2146
3190	2147
3190	2148
3190	2149
3190	2150
3190	2151
3190	2152
3190	2153
3191	2154
3191	2155
3191	2156
3191	2157
3191	2158
3191	2159
3192	2160
3192	2161
3192	2162
3192	2163
3192	2164
3192	2165
3192	2166
3193	2167
3193	2168
3193	2169
3193	2170
3193	2171
3193	2172
3194	2173
3194	2174
3194	2175
3194	2176
3194	2177
3194	2178
3195	2179
3195	2180
3195	2181
3195	2182
3195	2183
3195	2184
3195	2185
3196	2186
3196	2187
3196	2188
3196	2189
3196	2190
3196	2191
3197	2192
3197	2193
3197	2194
3197	2195
3197	2196
3197	2197
3198	2198
3198	2199
3198	2202
3198	2205
3198	2208
3198	2210
3198	2213
3199	2216
3199	2218
3199	2221
3199	2224
3199	2226
3199	2229
3200	2232
3200	2235
3200	2237
3200	2240
3200	2243
3200	2245
3200	2248
3201	2251
3201	2253
3201	2256
3201	2259
3201	2261
3201	2264
3202	2267
3202	2270
3202	2272
3202	2275
3202	2278
3202	2280
3203	2283
3203	2286
3203	2288
3203	2291
3203	2294
3203	2297
3203	2299
3204	2302
3204	2305
3204	2308
3204	2310
3204	2313
3204	2316
3205	2319
3205	2321
3205	2324
3205	2327
3205	2330
3205	2332
3205	2335
3206	2338
3206	2341
3206	2343
3206	2346
3206	2349
3217	2412
3217	2413
3217	2414
3217	2415
3217	2416
3217	2417
3217	2418
3217	2419
3217	2420
3217	2351
3217	2354
3217	2357
3217	2360
3217	2362
3217	2365
3218	2421
3218	2423
3218	2424
3218	2425
3218	2426
3218	2427
3218	2428
3218	2429
3218	2430
3218	2431
3218	2432
3218	2368
3218	2371
3218	2373
3218	2376
3218	2379
3218	2382
3219	2434
3219	2435
3219	2436
3219	2437
3219	2438
3219	2439
3219	2440
3219	2441
3219	2442
3219	2443
3219	2444
3219	2384
3219	2387
3219	2390
3219	2392
3219	2395
3219	2398
3219	2399
3220	2446
3220	2447
3220	2448
3220	2449
3220	2450
3220	2451
3220	2452
3220	2453
3220	2454
3220	2455
3220	2457
3220	2411
3221	2458
3221	2459
3221	2460
3221	2461
3221	2462
3221	2463
3221	2464
3221	2465
3221	2466
3221	2468
3222	2469
3222	2470
3222	2471
3222	2472
3222	2473
3222	2474
3222	2475
3222	2476
3222	2477
3222	2479
3222	2480
3223	2481
3223	2482
3223	2483
3223	2484
3223	2485
3223	2486
3223	2487
3223	2488
3223	2489
3223	2491
3223	2492
3224	2493
3224	2494
3224	2495
3224	2496
3224	2497
3224	2498
3224	2500
3224	2501
3224	2502
3224	2503
3224	2504
3225	2505
3225	2506
3225	2507
3225	2508
3225	2509
3225	2510
3225	2511
3225	2512
3226	2513
3226	2514
3226	2515
3226	2516
3226	2517
3226	2518
3226	2519
3226	2520
3226	2521
3226	2522
3226	2523
3227	2524
3227	2525
3227	2526
3227	2527
3227	2528
3227	2529
3227	2530
3227	2531
3227	2532
3227	2533
3227	2534
3228	2535
3228	2537
3228	2538
3228	2539
3228	2540
3228	2541
3228	2542
3228	2543
3228	2544
3228	2545
3228	2546
3228	2547
3229	2548
3229	2549
3229	2550
3229	2551
3229	2552
3229	2553
3229	2554
3229	2555
3230	2556
3230	2557
3230	2558
3230	2559
3230	2560
3230	2561
3230	2562
3230	2563
3230	2564
3230	2565
3230	2566
3231	2567
3231	2568
3231	2569
3231	2570
3231	2571
3231	2573
3231	2574
3231	2575
3231	2576
3231	2577
3231	2578
3231	2579
3232	2580
3232	2581
3232	2582
3232	2583
3232	2584
3232	2585
3232	2586
3232	2587
3232	2588
3232	2589
3232	2590
3233	2591
3233	2592
3233	2593
3233	2594
3233	2595
3233	2596
3233	2597
3233	2598
3234	2600
3234	2601
3234	2602
3234	2603
3234	2604
3234	2605
3234	2606
3234	2607
3234	2608
3234	2609
3234	2610
3235	2611
3235	2612
3235	2613
3235	2614
3235	2615
3235	2616
3235	2617
3235	2618
3235	2619
3235	2620
3235	2621
3235	2622
3236	2623
3236	2624
3236	2625
3236	2626
3236	2627
3236	2628
3236	2629
3236	2630
3236	2631
3236	2632
3236	2633
3237	2634
3237	2635
3237	2636
3237	2637
3237	2638
3237	2639
3237	2640
3237	2641
3238	2642
3238	2643
3238	2644
3238	2645
3238	2646
3238	2647
3238	2648
3238	2649
3238	2650
3238	2651
3238	2652
3239	2653
3239	2654
3239	2655
3239	2656
3239	2657
3239	2658
3239	2659
3239	2660
3239	2661
3239	2662
3239	2663
3240	2664
3240	2665
3240	2666
3240	2667
3240	2668
3240	2669
3240	2670
3240	2671
3240	2672
3240	2673
3240	2674
3241	2675
3241	2676
3241	2677
3241	2678
3241	2679
3241	2680
3241	2681
3241	2682
3241	2683
3241	2684
3242	2685
3242	2686
3242	2687
3242	2688
3242	2689
3242	2690
3242	2691
3242	2692
3242	2693
3242	2694
3242	2695
3243	2696
3243	2697
3243	2698
3243	2700
3243	2703
3243	2706
3243	2709
3243	2712
3243	2715
3244	2718
3244	2721
3244	2724
3244	2727
3244	2730
3244	2733
3245	2736
3245	2739
3246	2742
3246	2745
3246	2748
3247	2751
3247	2754
3248	2757
3248	2760
3249	2763
3249	2766
3250	2769
3250	2772
3251	2775
3251	2778
3251	2781
3252	2784
3252	2787
3253	2790
3253	2793
3254	2796
3255	2800
3260	2422
3260	2433
3260	2445
3260	2456
3260	2467
3260	2478
3261	2490
3261	2499
3261	2536
3262	2572
3266	2599
3270	2900
3279	3000
3279	3001
3279	3002
3279	3003
3279	3004
3279	3005
3279	3006
3279	3007
3280	3008
3280	3009
3280	3010
3280	3011
3280	3012
3280	3013
3280	3014
3280	3015
3280	3016
3281	3017
3281	3018
3281	3019
3281	3020
3281	3021
3281	3022
3281	3023
3281	3024
3281	3025
3281	3026
3281	3027
3282	3028
3282	3029
3282	3030
3282	3031
3282	3032
3282	3033
3282	3034
3282	3035
3282	3036
3282	3037
3282	2699
3282	2701
3282	2702
3283	3038
3283	3039
3283	3040
3283	3041
3283	3042
3283	3043
3283	3044
3283	3045
3283	3046
3283	3047
3283	3048
3283	2704
3283	2705
3283	2707
3283	2708
3284	3049
3284	3050
3284	3051
3284	3052
3284	3053
3284	3054
3284	3055
3284	3056
3284	3057
3284	3058
3284	3059
3284	2710
3284	2711
3284	2713
3284	2714
3285	3060
3285	3061
3285	3062
3285	3063
3285	3064
3285	3065
3285	3066
3285	3067
3285	3068
3285	2716
3285	2717
3285	2719
3285	2720
3286	3069
3286	3070
3286	3071
3286	3072
3286	3073
3286	3074
3286	3075
3286	3076
3286	3077
3286	3078
3286	3079
3286	2722
3286	2723
3286	2725
3286	2726
3286	2728
3286	2729
3287	3080
3287	3081
3287	2731
3287	2732
3287	2734
3287	2735
3288	2737
3288	2738
3288	2740
3288	2741
3289	2743
3289	2744
3289	2746
3289	2747
3289	2749
3290	2750
3290	2752
3290	2753
3290	2755
3291	2756
3291	2758
3291	2759
3291	2761
3292	2762
3292	2764
3292	2765
3292	2767
3293	2768
3293	2770
3293	2771
3293	2773
3294	2774
3294	2776
3294	2777
3294	2779
3294	2780
3295	2782
3295	2783
3295	2785
3295	2786
3296	2788
3296	2789
3296	2791
3296	2792
3297	2794
3297	2795
3297	2797
3297	2798
3297	2799
3298	2801
3298	2802
3298	2803
3298	2804
3298	2805
3299	2806
3299	2807
3299	2808
3299	2809
3299	2810
3299	2811
3300	2812
3300	2813
3300	2814
3300	2815
3300	2816
3300	2817
3301	3082
3301	3083
3301	3084
3301	3085
3301	3086
3301	3087
3301	3088
3301	3089
3301	2818
3301	2819
3301	2820
3301	2821
3301	2822
3301	2823
3301	2824
3302	3090
3302	3091
3302	3092
3302	3093
3302	3094
3302	3095
3302	3096
3302	3097
3302	3098
3302	3100
3302	3101
3302	2825
3302	2826
3302	2827
3302	2828
3302	2829
3302	2830
3303	3103
3303	3104
3303	3106
3303	3108
3303	3109
3303	3111
3303	3113
3303	3114
3303	3116
3303	3118
3303	3119
3303	2831
3303	2832
3303	2833
3303	2834
3303	2835
3303	2836
3304	3121
3304	3123
3304	3124
3304	3126
3304	3128
3304	3129
3304	3131
3304	3133
3304	3134
3304	3136
3304	3138
3304	3139
3304	2837
3304	2838
3304	2839
3304	2840
3304	2841
3304	2842
3304	2843
3305	3141
3305	3143
3305	3144
3305	3146
3305	3148
3305	3149
3305	3151
3305	2844
3305	2845
3305	2846
3305	2847
3305	2848
3305	2849
3306	2850
3306	2851
3306	2852
3306	2853
3306	2854
3306	2855
3306	2856
3307	2857
3307	2858
3307	2859
3307	2860
3307	2861
3307	2862
3308	2863
3308	2864
3308	2865
3308	2866
3308	2867
3308	2868
3309	2869
3309	2870
3309	2871
3309	2872
3309	2873
3309	2874
3309	2875
3310	2876
3310	2877
3310	2878
3310	2879
3310	2880
3310	2881
3311	2882
3311	2883
3311	2884
3311	2885
3311	2886
3311	2887
3312	2888
3312	2889
3312	2890
3312	2891
3312	2892
3312	2893
3312	2894
3313	2895
3313	2896
3313	2897
3313	2898
3313	2899
3313	2901
3314	2902
3314	2903
3314	2904
3314	2905
3314	2906
3314	2907
3314	2908
3315	2909
3315	2910
3315	2911
3315	2912
3315	2913
3315	2914
3316	2915
3316	2916
3316	2917
3316	2918
3316	2919
3316	2920
3317	2921
3317	2922
3317	2923
3317	2924
3317	2925
3317	2926
3317	2927
3318	2928
3318	2929
3318	2930
3318	2931
3318	2932
3318	2933
3319	2934
3319	2935
3319	2936
3319	2937
3319	2938
3319	2939
3320	2940
3320	2941
3320	2942
3320	2943
3320	2944
3320	2945
3320	2946
3321	2947
3321	2948
3321	2949
3321	2950
3321	2951
3321	2952
3322	2953
3322	2954
3322	2955
3322	2956
3322	2957
3322	2958
3323	2959
3323	2960
3323	2961
3323	2962
3323	2963
3323	2964
3323	2965
3324	2966
3324	2967
3324	2968
3324	2969
3324	2970
3324	2971
3325	2972
3325	2973
3325	2974
3325	2975
3325	2976
3325	2977
3325	2978
3326	2979
3326	2980
3326	2981
3326	2982
3326	2983
3326	2984
3327	2985
3327	2986
3327	2987
3327	2988
3327	2989
3327	2990
3328	2991
3328	2992
3328	2993
3328	2994
3328	2995
3328	2996
3328	2997
3329	2998
3329	2999
3344	3153
3344	3154
3344	3156
3344	3158
3344	3159
3344	3161
3344	3163
3344	3164
3344	3166
3344	3099
3344	3102
3344	3105
3344	3107
3344	3110
3344	3112
3345	3168
3345	3169
3345	3171
3345	3173
3345	3174
3345	3176
3345	3178
3345	3179
3345	3181
3345	3183
3345	3184
3345	3115
3345	3117
3345	3120
3345	3122
3345	3125
3345	3127
3346	3186
3346	3188
3346	3189
3346	3191
3346	3193
3346	3194
3346	3196
3346	3198
3346	3200
3346	3201
3346	3202
3346	3130
3346	3132
3346	3135
3346	3137
3346	3140
3346	3142
3346	3145
3347	3203
3347	3204
3347	3205
3347	3206
3347	3207
3347	3208
3347	3209
3347	3210
3347	3211
3347	3212
3347	3213
3347	3147
3347	3150
3348	3214
3348	3215
3348	3216
3348	3217
3348	3219
3348	3220
3348	3221
3348	3222
3348	3223
3348	3224
3349	3225
3349	3226
3349	3227
3349	3228
3349	3229
3349	3230
3349	3231
3349	3232
3349	3233
3349	3234
3349	3235
3350	3236
3350	3238
3350	3239
3350	3240
3350	3241
3350	3242
3350	3243
3350	3244
3350	3245
3350	3246
3350	3247
3351	3248
3351	3249
3351	3250
3351	3251
3351	3252
3351	3253
3351	3254
3351	3255
3351	3257
3351	3258
3351	3259
3352	3260
3352	3261
3352	3262
3352	3263
3352	3264
3352	3265
3352	3266
3352	3267
3352	3268
3353	3269
3353	3270
3353	3271
3353	3272
3353	3273
3353	3275
3353	3276
3353	3277
3353	3278
3353	3279
3353	3280
3354	3281
3354	3282
3354	3283
3354	3284
3354	3285
3354	3286
3354	3287
3354	3288
3354	3289
3354	3290
3354	3291
3355	3292
3355	3294
3355	3295
3355	3296
3355	3297
3355	3298
3355	3300
3355	3400
3370	3500
3370	3503
3371	3506
3371	3509
3372	3512
3372	3515
3373	3518
3373	3521
3374	3524
3374	3527
3374	3531
3375	3534
3376	3537
3376	3540
3377	3543
3377	3546
3378	3549
3378	3552
3378	3555
3379	3558
3380	3562
3380	3565
3381	3568
3381	3571
3387	3152
3387	3155
3387	3157
3387	3160
3387	3162
3387	3165
3388	3167
3388	3170
3388	3172
3388	3175
3388	3177
3388	3180
3389	3182
3389	3185
3389	3187
3389	3190
3389	3192
3389	3195
3389	3197
3390	3199
3390	3218
3390	3237
3390	3256
3390	3274
3390	3293
3391	3299
3391	3301
3391	3302
3391	3303
3391	3304
3391	3305
3392	3306
3392	3307
3392	3308
3392	3309
3392	3310
3392	3311
3392	3312
3393	3313
3393	3314
3393	3315
3393	3316
3393	3317
3393	3318
3394	3319
3394	3320
3394	3321
3394	3322
3394	3323
3394	3324
3394	3325
3395	3326
3395	3327
3395	3328
3395	3329
3395	3330
3395	3331
3396	3332
3396	3333
3396	3334
3396	3335
3396	3336
3396	3337
3397	3338
3397	3339
3397	3340
3397	3341
3397	3342
3397	3343
3397	3344
3398	3345
3398	3346
3398	3347
3398	3348
3398	3349
3398	3350
3399	3351
3399	3352
3399	3353
3399	3354
3399	3355
3399	3356
3400	3357
3400	3358
3400	3359
3400	3360
3400	3361
3400	3362
3400	3363
3401	3364
3401	3365
3401	3366
3401	3367
3401	3368
3401	3369
3402	3370
3402	3371
3402	3372
3402	3373
3402	3374
3402	3375
3402	3376
3403	3377
3403	3378
3403	3379
3403	3380
3403	3381
3403	3382
3404	3383
3404	3384
3404	3385
3404	3386
3404	3387
3404	3388
3405	3389
3405	3390
3405	3391
3405	3392
3405	3393
3405	3394
3405	3395
3406	3396
3406	3397
3406	3398
3406	3399
3406	3401
3406	3402
3407	3403
3407	3404
3407	3405
3407	3406
3407	3407
3407	3408
3407	3409
3408	3410
3408	3411
3408	3412
3408	3413
3408	3414
3408	3415
3409	3416
3409	3417
3409	3418
3409	3419
3409	3420
3409	3421
3410	3422
3410	3423
3410	3424
3410	3425
3410	3426
3410	3427
3410	3428
3411	3429
3411	3430
3411	3431
3411	3432
3411	3433
3411	3434
3412	3435
3412	3436
3412	3437
3412	3438
3412	3439
3412	3440
3413	3441
3413	3442
3413	3443
3413	3444
3413	3445
3413	3446
3413	3447
3414	3448
3414	3449
3414	3450
3414	3451
3414	3452
3414	3453
3415	3454
3415	3455
3415	3456
3415	3457
3415	3458
3415	3459
3415	3460
3416	3461
3416	3462
3416	3463
3416	3464
3416	3465
3416	3466
3417	3467
3417	3468
3417	3469
3417	3470
3417	3471
3417	3472
3418	3473
3418	3474
3418	3475
3418	3476
3418	3477
3418	3478
3418	3479
3419	3480
3419	3481
3419	3482
3419	3483
3419	3484
3419	3485
3420	3486
3420	3487
3420	3488
3420	3489
3420	3490
3420	3491
3420	3492
3421	3493
3421	3494
3421	3495
3421	3496
3421	3497
3421	3498
3422	3499
3422	3501
3422	3502
3422	3504
3422	3505
3422	3507
3423	3508
3423	3510
3423	3511
3423	3513
3423	3514
3423	3516
3423	3517
3424	3519
3424	3520
3424	3522
3424	3523
3424	3525
3424	3526
3425	3528
3425	3529
3425	3530
3425	3532
3425	3533
3425	3535
3426	3536
3426	3538
3426	3539
3426	3541
3426	3542
3426	3544
3426	3545
3427	3547
3427	3548
3427	3550
3427	3551
3427	3553
3427	3554
3428	3556
3428	3557
3428	3559
3428	3560
3428	3561
3428	3563
3428	3564
3429	3566
3429	3567
3429	3569
3429	3570
3429	3572
3429	3573
3505	3574
