1059	0
1144	1
1144	2
1271	3
1271	4
1398	5
1398	6
1398	7
1482	8
1525	9
1525	10
1609	11
1609	12
1609	13
1609	14
1652	15
1652	16
1736	17
1736	18
1736	19
1736	20
1736	21
1736	22
1779	23
1779	24
1779	25
1820	26
1863	27
1863	28
1863	29
1863	30
1863	31
1863	32
1863	33
1863	34
1906	35
1906	36
1906	37
1906	38
1947	39
1947	40
1990	41
1990	42
1990	43
1990	44
1990	45
1990	46
1990	47
1990	48
1990	49
1990	50
1990	51
1990	52
2033	53
2033	54
2033	55
2033	56
2033	57
2033	58
2074	59
2074	60
2074	61
2074	62
2117	63
2117	64
2117	65
2117	66
2117	67
2117	68
2117	69
2117	70
2117	71
2117	72
2117	73
2117	74
2118	75
2118	76
2118	77
2118	78
2118	79
2118	80
2160	81
2160	82
2160	83
2160	84
2160	85
2160	86
2160	87
2160	88
2201	89
2201	90
2201	91
2201	92
2201	93
2201	94
2244	95
2244	96
2244	97
2244	98
2244	99
2244	100
2244	101
2244	102
2244	103
2244	104
2244	105
2244	106
2244	107
2244	108
2244	109
2244	110
2244	111
2244	112
2244	113
2244	114
2244	115
2244	116
2244	117
2244	118
2244	119
2244	120
2244	121
2287	122
2287	123
2287	124
2287	125
2287	126
2287	127
2287	128
2287	129
2287	130
2287	131
2287	132
2287	133
2287	134
2287	135
2287	136
2287	137
2287	138
2328	139
2328	140
2328	141
2328	142
2328	143
2371	144
2371	145
2371	146
2371	147
2371	148
2371	149
2371	150
2371	151
2371	152
2371	153
2371	154
2371	155
2371	156
2371	157
2371	158
2371	159
2371	160
2371	161
2371	162
2371	163
2371	164
2371	165
2371	166
2371	167
2371	168
2371	169
2371	170
2371	171
2371	172
2371	173
2371	174
2371	175
2371	176
2371	177
2372	178
2372	179
2372	180
2372	181
2372	182
2414	183
2414	184
2414	185
2414	186
2414	187
2414	188
2414	189
2414	190
2414	191
2414	192
2414	193
2414	194
2414	195
2414	196
2414	197
2414	198
2414	199
2414	200
2414	201
2414	202
2414	203
2414	204
2414	205
2414	206
2414	207
2415	208
2415	209
2455	210
2455	211
2455	212
2455	213
2455	214
2455	215
2498	216
2498	217
2498	218
2498	219
2498	220
2498	221
2498	222
2498	223
2498	224
2498	225
2498	226
2498	227
2498	228
2498	229
2498	230
2498	231
2499	232
2499	233
2499	234
2499	235
2499	236
2499	237
2499	238
2499	239
2499	240
2499	241
2499	242
2499	243
2499	244
2499	245
2499	246
2499	247
2500	248
2500	249
2500	250
2500	251
2500	252
2500	253
2500	254
2500	255
2500	256
2500	257
2500	258
2500	259
2500	260
2500	261
2500	262
2500	263
2500	264
2500	265
2500	266
2501	267
2501	268
2501	269
2501	270
2501	271
2501	272
2501	273
2501	274
2541	275
2541	276
2541	277
2541	278
2541	279
2541	280
2541	281
2541	282
2541	283
2541	284
2541	285
2541	286
2541	287
2541	288
2541	289
2541	290
2542	291
2542	292
2542	293
2542	294
2542	295
2542	296
2542	297
2542	298
2542	299
2542	300
2542	301
2542	302
2542	303
2542	304
2542	305
2542	306
2542	307
2542	308
2543	309
2543	310
2543	311
2543	312
2543	313
2543	314
2582	315
2582	316
2582	317
2582	318
2582	319
2582	320
2582	321
2582	322
2582	323
2582	324
2625	325
2625	326
2625	327
2625	328
2625	329
2625	330
2625	331
2625	332
2625	333
2625	334
2625	335
2625	336
2625	337
2625	338
2625	339
2625	340
2625	341
2625	342
2625	343
2626	344
2626	345
2626	346
2626	347
2626	348
2626	349
2626	350
2626	351
2626	352
2626	353
2626	354
2626	355
2626	356
2626	357
2626	358
2626	359
2626	360
2626	361
2626	362
2627	363
2627	364
2627	365
2627	366
2627	367
2627	368
2627	369
2627	370
2627	371
2627	372
2627	373
2627	374
2627	375
2627	376
2627	377
2627	378
2627	379
2627	380
2627	381
2627	382
2627	383
2627	384
2627	385
2628	386
2628	387
2628	388
2628	389
2628	390
2628	391
2628	392
2628	393
2628	394
2628	395
2628	396
2628	397
2628	398
2628	399
2628	400
2628	401
2628	402
2628	403
2628	404
2628	405
2628	406
2628	407
2628	408
2628	409
2628	410
2629	411
2629	412
2629	413
2629	414
2629	415
2629	416
2629	417
2629	418
2629	419
2629	420
2629	421
2629	422
2668	423
2668	424
2668	425
2668	426
2668	427
2668	428
2668	429
2668	430
2668	431
2668	432
2668	433
2668	434
2668	435
2668	436
2668	437
2668	438
2668	439
2668	440
2668	441
2668	442
2668	443
2668	444
2668	445
2668	446
2668	447
2668	448
2668	449
2668	450
2668	451
2668	452
2668	453
2668	454
2668	455
2668	456
2668	457
2668	458
2668	459
2668	460
2668	461
2668	462
2668	463
2668	464
2668	465
2668	466
2668	467
2668	468
2668	469
2668	470
2668	471
2668	472
2668	473
2668	474
2668	475
2668	476
2668	477
2668	478
2668	479
2709	480
2709	481
2709	482
2709	483
2709	484
2709	485
2709	486
2709	487
2709	488
2709	489
2709	490
2709	491
2752	492
2752	493
2752	494
2752	495
2752	496
2752	497
2752	498
2752	499
2752	500
2752	501
2752	502
2752	503
2752	504
2752	505
2752	506
2752	507
2752	508
2752	509
2752	510
2752	511
2752	512
2752	513
2752	514
2752	515
2752	516
2752	517
2753	518
2753	519
2753	520
2753	521
2753	522
2753	523
2753	524
2753	525
2753	526
2753	527
2753	528
2753	529
2753	530
2753	531
2753	532
2753	533
2753	534
2753	535
2753	536
2753	537
2753	538
2754	539
2754	540
2754	541
2754	542
2754	543
2754	544
2754	545
2754	546
2754	547
2754	548
2754	549
2754	550
2754	551
2754	552
2754	553
2754	554
2754	555
2754	556
2754	557
2754	558
2754	559
2754	560
2754	561
2754	562
2754	563
2754	564
2755	565
2755	566
2755	567
2755	568
2755	569
2755	570
2755	571
2755	572
2755	573
2755	574
2755	575
2755	576
2755	577
2755	578
2755	579
2755	580
2755	581
2755	582
2755	583
2755	584
2755	585
2756	586
2756	587
2756	588
2756	589
2756	590
2756	591
2756	592
2756	593
2756	594
2756	595
2756	596
2756	597
2756	598
2756	599
2756	600
2756	601
2757	602
2757	603
2757	604
2757	605
2757	606
2757	607
2757	608
2758	609
2758	610
2758	611
2758	612
2758	613
2758	614
2759	615
2759	616
2759	617
2759	618
2759	619
2759	620
2759	621
2760	622
2760	623
2760	624
2760	625
2760	626
2760	627
2761	628
2761	629
2761	630
2761	631
2761	632
2761	633
2762	634
2795	635
2795	636
2795	637
2795	638
2795	639
2795	640
2796	641
2796	642
2796	643
2796	644
2796	645
2796	646
2797	647
2797	648
2797	649
2797	650
2797	651
2797	652
2797	653
2798	654
2798	655
2798	656
2798	657
2798	658
2798	659
2799	660
2799	661
2799	662
2799	663
2799	664
2799	665
2800	666
2800	667
2800	668
2800	669
2800	670
2800	671
2800	672
2801	673
2801	674
2801	675
2801	676
2801	677
2801	678
2802	679
2802	680
2802	681
2802	682
2802	683
2802	684
2802	685
2803	686
2803	687
2803	688
2803	689
2803	690
2803	691
2804	692
2804	693
2804	694
2804	695
2804	696
2804	697
2805	698
2805	699
2805	700
2805	701
2805	702
2805	703
2805	704
2805	705
2806	706
2806	707
2806	708
2806	709
2806	710
2806	711
2807	712
2807	713
2807	714
2807	715
2807	716
2807	717
2807	718
2836	719
2836	720
2836	721
2836	722
2836	723
2836	724
2837	725
2837	726
2837	727
2837	728
2837	729
2837	730
2837	731
2838	732
2838	733
2838	734
2838	735
2838	736
2879	737
2879	738
2879	739
2879	740
2879	741
2879	742
2880	743
2880	744
2880	745
2880	746
2880	747
2880	748
2880	749
2881	750
2881	751
2881	752
2881	753
2881	754
2881	755
2881	756
2882	757
2882	758
2882	759
2882	760
2882	761
2882	762
2882	763
2883	764
2883	765
2883	766
2883	767
2883	768
2883	769
2884	770
2884	771
2884	772
2884	773
2884	774
2884	775
2884	776
2884	777
2885	778
2885	779
2885	780
2885	781
2885	782
2885	783
2886	784
2886	785
2886	786
2886	787
2886	788
2886	789
2886	790
2886	791
2887	792
2887	793
2887	794
2887	795
2887	796
2887	797
2888	798
2888	799
2888	800
2888	801
2888	802
2888	803
2888	804
2888	805
2888	806
2888	807
2888	808
2888	809
2888	810
2888	811
2888	812
2888	813
2888	814
2888	815
2888	816
2888	817
2888	818
2888	819
2888	820
2888	821
2888	822
2888	823
2888	824
2888	825
2888	826
2888	827
2888	828
2888	829
2888	830
2888	831
2888	832
2888	833
2888	834
2888	835
2888	836
2888	837
2888	838
2888	839
2888	840
2888	841
2888	842
2888	843
2888	844
2888	845
2888	846
2888	847
2888	848
2888	849
2888	850
2888	851
2888	852
2888	853
2888	854
2888	855
2888	856
2888	857
2888	858
2888	859
2888	860
2888	861
2888	862
2888	863
2888	864
2888	865
2888	866
2888	867
2888	868
2888	869
2888	870
2888	871
2888	872
2888	873
2888	874
2888	875
2888	876
2888	877
2888	878
2888	879
2888	880
2888	881
2888	882
2888	883
2888	884
2888	885
2888	886
2888	887
2888	888
2888	889
2888	890
2888	891
2888	892
2888	893
2888	894
2888	895
2888	896
2888	897
2888	898
2888	899
2888	900
2888	901
2888	902
2888	903
2889	904
2889	905
2889	906
2889	907
2889	908
2889	909
2889	910
2890	911
2890	912
2890	913
2890	914
2890	915
2890	916
2891	917
2891	918
2891	919
2891	920
2891	921
2891	922
2892	923
2892	924
2892	925
2892	926
2892	927
2892	928
2892	929
2893	930
2893	931
2893	932
2893	933
2893	934
2893	935
2894	936
2894	937
2894	938
2894	939
2894	940
2894	941
2894	942
2895	943
2895	944
2895	945
2895	946
2895	947
2895	948
2896	949
2896	950
2896	951
2896	952
2922	953
2922	954
2922	955
2922	956
2922	957
2922	958
2923	959
2923	960
2923	961
2923	962
2923	963
2923	964
2924	965
2924	966
2924	967
2924	968
2924	969
2924	970
2924	971
2925	972
2925	973
2925	974
2925	975
2925	976
2925	977
2926	978
2926	979
2926	980
2926	981
2926	982
2926	983
2927	984
2927	985
2927	986
2927	987
2927	988
2927	989
2927	990
2928	991
2928	992
2928	993
2928	994
2928	995
2928	996
2929	997
2929	998
2929	999
2929	1000
2929	1001
2929	1002
2929	1003
2929	1004
2929	1005
2929	1006
2929	1007
2930	1008
2930	1009
2930	1010
2930	1011
2930	1012
2930	1013
2930	1014
2930	1015
2930	1016
2930	1017
2931	1018
2931	1019
2931	1020
2931	1021
2931	1022
2931	1023
2931	1024
2931	1025
2931	1026
2931	1027
2932	1028
2932	1029
2932	1030
2932	1031
2932	1032
2932	1033
2932	1034
2932	1035
2932	1036
2932	1037
2932	1038
2932	1039
2933	1040
2933	1041
2933	1042
2933	1043
2933	1044
2933	1045
2933	1046
2933	1047
2933	1048
2933	1049
2934	1050
2934	1051
2934	1052
2934	1053
2934	1054
2934	1055
2934	1056
2934	1057
2934	1058
2934	1059
2935	1060
2935	1061
2935	1062
2935	1063
2935	1064
2935	1065
2935	1066
2935	1067
2935	1068
2935	1069
2935	1070
2936	1071
2936	1072
2936	1073
2936	1074
2936	1075
2936	1076
2936	1077
2936	1078
2936	1079
2963	1080
2963	1081
2963	1082
2963	1083
2963	1084
2963	1085
2963	1086
2963	1087
2963	1088
2963	1089
2964	1090
2964	1091
2964	1092
2964	1093
2964	1094
2964	1095
2964	1096
2964	1097
2964	1098
2965	1099
2965	1100
2965	1101
2965	1102
2965	1103
2965	1104
2965	1105
2965	1106
2965	1107
2965	1108
2965	1109
2965	1110
2965	1111
2965	1112
2965	1113
2965	1114
2965	1115
2965	1116
2965	1117
2965	1118
2965	1119
2965	1120
2965	1121
3006	1122
3006	1123
3006	1124
3006	1125
3006	1126
3006	1127
3006	1128
3006	1129
3006	1130
3006	1131
3006	1132
3006	1133
3006	1134
3006	1135
3006	1136
3006	1137
3006	1138
3006	1139
3006	1140
3006	1141
3006	1142
3006	1143
3006	1144
3006	1145
3006	1146
3006	1147
3006	1148
3006	1149
3006	1150
3006	1151
3006	1152
3006	1153
3006	1154
3006	1155
3006	1156
3006	1157
3006	1158
3006	1159
3006	1160
3006	1161
3006	1162
3006	1163
3006	1164
3006	1165
3006	1166
3006	1167
3006	1168
3006	1169
3006	1170
3006	1171
3006	1172
3006	1173
3006	1174
3006	1175
3006	1176
3006	1177
3006	1178
3006	1179
3006	1180
3006	1181
3006	1182
3006	1183
3006	1184
3006	1185
3006	1186
3006	1187
3006	1188
3007	1189
3007	1190
3007	1191
3007	1192
3007	1193
3007	1194
3007	1195
3007	1196
3007	1197
3007	1198
3008	1199
3008	1200
3008	1201
3008	1202
3008	1203
3008	1204
3008	1205
3008	1206
3008	1207
3008	1208
3008	1209
3008	1210
3008	1211
3008	1212
3008	1213
3008	1214
3008	1215
3008	1216
3008	1217
3008	1218
3008	1219
3008	1220
3008	1221
3008	1222
3008	1223
3008	1224
3008	1225
3008	1226
3008	1227
3008	1228
3008	1229
3008	1230
3008	1231
3008	1232
3008	1233
3008	1234
3008	1235
3008	1236
3008	1237
3008	1238
3008	1239
3008	1240
3008	1241
3008	1242
3008	1243
3008	1244
3008	1245
3008	1246
3008	1247
3008	1248
3008	1249
3008	1250
3008	1251
3008	1252
3008	1253
3008	1254
3008	1255
3008	1256
3008	1257
3008	1258
3008	1259
3008	1260
3008	1261
3008	1262
3008	1263
3008	1264
3008	1265
3008	1266
3008	1267
3008	1268
3008	1269
3008	1270
3008	1271
3008	1272
3008	1273
3008	1274
3008	1275
3008	1276
3008	1277
3008	1278
3008	1279
3008	1280
3008	1281
3008	1282
3008	1283
3008	1284
3008	1285
3008	1286
3008	1287
3008	1288
3008	1289
3008	1290
3008	1291
3008	1292
3008	1293
3008	1294
3008	1295
3008	1296
3008	1297
3008	1298
3008	1299
3008	1300
3008	1301
3008	1302
3009	1303
3009	1304
3009	1305
3009	1306
3009	1307
3009	1308
3010	1309
3010	1310
3010	1311
3010	1312
3010	1313
3010	1314
3010	1315
3011	1316
3011	1317
3011	1318
3011	1319
3011	1320
3011	1321
3012	1322
3012	1323
3012	1324
3012	1325
3012	1326
3012	1327
3013	1328
3013	1329
3013	1330
3013	1331
3013	1332
3013	1333
3013	1334
3014	1335
3014	1336
3014	1337
3014	1338
3014	1339
3014	1340
3015	1341
3015	1342
3015	1343
3015	1344
3015	1345
3015	1346
3015	1347
3016	1348
3016	1349
3016	1350
3016	1351
3016	1352
3016	1353
3017	1354
3017	1355
3017	1356
3017	1357
3017	1358
3017	1359
3018	1360
3018	1361
3018	1362
3018	1363
3018	1364
3018	1365
3018	1366
3019	1367
3019	1368
3019	1369
3019	1370
3019	1371
3019	1372
3020	1373
3020	1374
3020	1375
3020	1376
3020	1377
3020	1378
3021	1379
3021	1380
3021	1381
3021	1382
3021	1383
3021	1384
3021	1385
3022	1386
3022	1387
3022	1388
3022	1389
3022	1390
3022	1391
3023	1392
3023	1393
3023	1394
3023	1395
3023	1396
3023	1397
3023	1398
3024	1399
3024	1400
3024	1401
3024	1402
3024	1403
3024	1404
3024	1405
3025	1406
3025	1407
3025	1408
3025	1409
3025	1410
3025	1411
3026	1412
3026	1413
3026	1414
3026	1415
3026	1416
3026	1417
3026	1418
3027	1419
3027	1420
3027	1421
3027	1422
3027	1423
3027	1424
3028	1425
3028	1426
3028	1427
3028	1428
3028	1429
3049	1430
3049	1431
3049	1432
3049	1433
3049	1434
3049	1435
3050	1436
3050	1437
3050	1438
3050	1439
3050	1440
3050	1441
3051	1442
3051	1443
3051	1444
3051	1445
3051	1446
3051	1447
3051	1448
3052	1449
3052	1450
3052	1451
3052	1452
3052	1453
3052	1454
3053	1455
3053	1456
3053	1457
3053	1458
3053	1459
3053	1460
3054	1461
3054	1462
3054	1463
3054	1464
3054	1465
3054	1466
3054	1467
3055	1468
3055	1469
3055	1470
3055	1471
3055	1472
3055	1473
3056	1474
3056	1475
3056	1476
3056	1477
3056	1478
3056	1479
3056	1480
3057	1481
3057	1482
3057	1483
3057	1484
3057	1485
3057	1486
3058	1487
3058	1488
3058	1489
3058	1490
3058	1491
3058	1492
3059	1493
3059	1494
3059	1495
3059	1496
3059	1497
3059	1498
3059	1499
3059	1500
3060	1501
3060	1502
3060	1503
3060	1504
3060	1505
3060	1506
3060	1507
3061	1508
3061	1509
3061	1510
3061	1511
3061	1512
3061	1513
3061	1514
3062	1515
3062	1516
3062	1517
3062	1518
3062	1519
3062	1520
3062	1521
3062	1522
3062	1523
3063	1524
3063	1525
3063	1526
3063	1527
3063	1528
3063	1529
3063	1530
3064	1531
3064	1532
3064	1533
3064	1534
3064	1535
3064	1536
3064	1537
3064	1538
3064	1539
3065	1540
3065	1541
3065	1542
3065	1543
3065	1544
3065	1545
3065	1546
3066	1547
3066	1548
3066	1549
3066	1550
3066	1551
3066	1552
3066	1553
3067	1554
3067	1555
3067	1556
3067	1557
3067	1558
3067	1559
3067	1560
3067	1561
3067	1562
3068	1563
3068	1564
3068	1565
3068	1566
3068	1567
3068	1568
3068	1569
3069	1570
3069	1571
3069	1572
3069	1573
3069	1574
3069	1575
3069	1576
3069	1577
3069	1578
3070	1579
3070	1580
3070	1581
3070	1582
3070	1583
3070	1584
3070	1585
3071	1586
3071	1587
3071	1588
3071	1589
3071	1590
3071	1591
3071	1592
3072	1593
3072	1594
3072	1595
3072	1596
3072	1597
3072	1598
3072	1599
3072	1600
3072	1601
3073	1602
3073	1603
3073	1604
3073	1605
3073	1606
3073	1607
3074	1608
3074	1609
3074	1610
3074	1611
3074	1612
3074	1613
3075	1614
3075	1615
3075	1616
3075	1617
3075	1618
3090	1619
3090	1620
3090	1621
3090	1622
3090	1623
3090	1624
3091	1625
3091	1626
3091	1627
3091	1628
3091	1629
3091	1630
3092	1631
3092	1632
3092	1633
3092	1634
3092	1635
3092	1636
3092	1637
3093	1638
3093	1639
3093	1640
3093	1641
3093	1642
3093	1643
3094	1644
3094	1645
3094	1646
3094	1647
3094	1648
3094	1649
3095	1650
3095	1651
3095	1652
3095	1653
3095	1654
3095	1655
3095	1656
3096	1657
3096	1658
3096	1659
3096	1660
3096	1661
3096	1662
3097	1663
3097	1664
3097	1665
3097	1666
3097	1667
3097	1668
3097	1669
3098	1670
3098	1671
3098	1672
3098	1673
3098	1674
3098	1675
3099	1676
3099	1677
3099	1678
3099	1679
3099	1680
3099	1681
3133	1682
3133	1683
3133	1684
3133	1685
3133	1686
3133	1687
3134	1688
3134	1689
3134	1690
3134	1691
3134	1692
3134	1693
3135	1694
3135	1695
3135	1696
3135	1697
3135	1698
3135	1699
3135	1700
3135	1701
3135	1702
3135	1703
3135	1704
3135	1705
3135	1706
3135	1707
3135	1708
3135	1709
3135	1710
3135	1711
3135	1712
3135	1713
3135	1714
3135	1715
3135	1716
3135	1717
3135	1718
3135	1719
3135	1720
3135	1721
3135	1722
3135	1723
3135	1724
3135	1725
3135	1726
3135	1727
3135	1728
3135	1729
3135	1730
3135	1731
3135	1732
3135	1733
3135	1734
3135	1735
3135	1736
3135	1737
3135	1738
3135	1739
3135	1740
3135	1741
3135	1742
3135	1743
3135	1744
3135	1745
3135	1746
3135	1747
3135	1748
3135	1749
3135	1750
3135	1751
3135	1752
3135	1753
3135	1754
3135	1755
3135	1756
3135	1757
3135	1758
3135	1759
3135	1760
3135	1761
3135	1762
3135	1763
3135	1764
3135	1765
3135	1766
3135	1767
3135	1768
3135	1769
3135	1770
3135	1771
3135	1772
3135	1773
3135	1774
3135	1775
3135	1776
3135	1777
3135	1778
3135	1779
3135	1780
3135	1781
3135	1782
3135	1783
3135	1784
3135	1785
3135	1786
3135	1787
3135	1788
3135	1789
3135	1790
3135	1791
3135	1792
3135	1793
3135	1794
3135	1795
3135	1796
3135	1797
3135	1798
3136	1799
3136	1800
3136	1801
3136	1802
3136	1803
3136	1804
3136	1805
3137	1806
3137	1807
3137	1808
3137	1809
3137	1810
3137	1811
3138	1812
3138	1813
3138	1814
3138	1815
3138	1816
3138	1817
3138	1818
3139	1819
3139	1820
3139	1821
3139	1822
3139	1823
3139	1824
3140	1825
3140	1826
3140	1827
3140	1828
3140	1829
3140	1830
3140	1831
3141	1832
3141	1833
3141	1834
3141	1835
3141	1836
3141	1837
3142	1838
3142	1839
3142	1840
3142	1841
3142	1842
3142	1843
3143	1844
3143	1845
3143	1846
3143	1847
3143	1848
3143	1849
3143	1850
3144	1851
3144	1852
3144	1853
3144	1854
3144	1855
3144	1856
3145	1857
3145	1858
3145	1859
3145	1860
3145	1861
3145	1862
3146	1863
3146	1864
3146	1865
3146	1866
3146	1867
3146	1868
3146	1869
3147	1870
3147	1871
3147	1872
3147	1873
3147	1874
3147	1875
3148	1876
3148	1877
3148	1878
3148	1879
3148	1880
3148	1881
3148	1882
3149	1883
3149	1884
3149	1885
3149	1886
3149	1887
3149	1888
3150	1889
3150	1890
3150	1891
3150	1892
3150	1893
3150	1894
3151	1895
3151	1896
3151	1897
3151	1898
3151	1899
3151	1900
3151	1901
3151	1902
3152	1903
3152	1904
3152	1905
3152	1906
3152	1907
3152	1908
3153	1909
3153	1910
3153	1911
3153	1912
3153	1913
3153	1914
3153	1915
3154	1916
3154	1917
3154	1918
3154	1919
3154	1920
3154	1921
3155	1922
3155	1923
3155	1924
3155	1925
3155	1926
3155	1927
3156	1928
3156	1929
3156	1930
3156	1931
3156	1932
3156	1933
3156	1934
3157	1935
3157	1936
3157	1937
3157	1938
3157	1939
3157	1940
3158	1941
3158	1942
3158	1943
3158	1944
3158	1945
3158	1946
3159	1947
3159	1948
3159	1949
3159	1950
3159	1951
3159	1952
3159	1953
3160	1954
3160	1955
3160	1956
3160	1957
3160	1958
3160	1959
3161	1960
3161	1961
3161	1962
3161	1963
3161	1964
3161	1965
3161	1966
3162	1967
3162	1968
3162	1969
3162	1970
3162	1971
3162	1972
3163	1973
3163	1974
3163	1975
3163	1976
3163	1977
3163	1978
3164	1979
3164	1980
3164	1981
3164	1982
3164	1983
3164	1984
3164	1985
3165	1986
3165	1987
3165	1988
3165	1989
3165	1990
3165	1991
3166	1992
3166	1993
3166	1994
3166	1995
3166	1996
3166	1997
3166	1998
3167	1999
3167	2000
3167	2001
3167	2002
3167	2003
3167	2004
3167	2005
3168	2006
3168	2007
3168	2008
3168	2009
3168	2010
3168	2011
3169	2012
3169	2013
3169	2014
3169	2015
3169	2016
3169	2017
3169	2018
3170	2019
3170	2020
3170	2021
3170	2022
3170	2023
3170	2024
3171	2025
3171	2026
3171	2027
3171	2028
3171	2029
3171	2030
3172	2031
3172	2032
3172	2033
3172	2034
3172	2035
3172	2036
3172	2037
3173	2038
3173	2039
3173	2040
3173	2041
3173	2042
3173	2043
3174	2044
3174	2045
3174	2046
3174	2047
3174	2048
3174	2049
3174	2050
3175	2051
3175	2052
3175	2053
3175	2054
3175	2055
3175	2056
3176	2057
3176	2058
3176	2059
3176	2060
3176	2061
3176	2062
3177	2063
3177	2064
3177	2065
3177	2066
3177	2067
3177	2068
3177	2069
3178	2070
3178	2071
3178	2072
3178	2073
3178	2074
3178	2075
3179	2076
3179	2077
3179	2078
3179	2079
3179	2080
3179	2081
3179	2082
3180	2083
3180	2084
3180	2085
3180	2086
3180	2087
3180	2088
3181	2089
3181	2090
3181	2091
3181	2092
3181	2093
3181	2094
3182	2095
3182	2096
3182	2097
3182	2098
3182	2099
3182	2100
3182	2101
3182	2102
3183	2103
3183	2104
3183	2105
3183	2106
3183	2107
3183	2108
3184	2109
3184	2110
3184	2111
3184	2112
3184	2113
3184	2114
3185	2115
3185	2116
3185	2117
3185	2118
3185	2119
3185	2120
3185	2121
3186	2122
3186	2123
3186	2124
3186	2125
3186	2126
3186	2127
3187	2128
3187	2129
3187	2130
3187	2131
3187	2132
3187	2133
3187	2134
3188	2135
3188	2136
3188	2137
3188	2138
3188	2139
3188	2140
3189	2141
3189	2142
3189	2143
3189	2144
3189	2145
3189	2146
3190	2147
3190	2148
3190	2149
3190	2150
3190	2151
3190	2152
3190	2153
3191	2154
3191	2155
3191	2156
3191	2157
3191	2158
3191	2159
3192	2160
3192	2161
3192	2162
3192	2163
3192	2164
3192	2165
3192	2166
3193	2167
3193	2168
3193	2169
3193	2170
3193	2171
3193	2172
3194	2173
3194	2174
3194	2175
3194	2176
3194	2177
3194	2178
3195	2179
3195	2180
3195	2181
3195	2182
3195	2183
3195	2184
3195	2185
3196	2186
3196	2187
3196	2188
3196	2189
3196	2190
3196	2191
3197	2192
3197	2193
3197	2194
3197	2195
3197	2196
3197	2197
3198	2198
3198	2199
3198	2200
3198	2201
3198	2202
3198	2203
3198	2204
3198	2205
3198	2206
3198	2207
3198	2208
3198	2209
3198	2210
3198	2211
3198	2212
3198	2213
3198	2214
3198	2215
3199	2216
3199	2217
3199	2218
3199	2219
3199	2220
3199	2221
3199	2222
3199	2223
3199	2224
3199	2225
3199	2226
3199	2227
3199	2228
3199	2229
3199	2230
3199	2231
3200	2232
3200	2233
3200	2234
3200	2235
3200	2236
3200	2237
3200	2238
3200	2239
3200	2240
3200	2241
3200	2242
3200	2243
3200	2244
3200	2245
3200	2246
3200	2247
3200	2248
3200	2249
3200	2250
3201	2251
3201	2252
3201	2253
3201	2254
3201	2255
3201	2256
3201	2257
3201	2258
3201	2259
3201	2260
3201	2261
3201	2262
3201	2263
3201	2264
3201	2265
3201	2266
3202	2267
3202	2268
3202	2269
3202	2270
3202	2271
3202	2272
3202	2273
3202	2274
3202	2275
3202	2276
3202	2277
3202	2278
3202	2279
3202	2280
3202	2281
3202	2282
3203	2283
3203	2284
3203	2285
3203	2286
3203	2287
3203	2288
3203	2289
3203	2290
3203	2291
3203	2292
3203	2293
3203	2294
3203	2295
3203	2296
3203	2297
3203	2298
3203	2299
3203	2300
3203	2301
3204	2302
3204	2303
3204	2304
3204	2305
3204	2306
3204	2307
3204	2308
3204	2309
3204	2310
3204	2311
3204	2312
3204	2313
3204	2314
3204	2315
3204	2316
3204	2317
3204	2318
3205	2319
3205	2320
3205	2321
3205	2322
3205	2323
3205	2324
3205	2325
3205	2326
3205	2327
3205	2328
3205	2329
3205	2330
3205	2331
3205	2332
3205	2333
3205	2334
3205	2335
3205	2336
3205	2337
3206	2338
3206	2339
3206	2340
3206	2341
3206	2342
3206	2343
3206	2344
3206	2345
3206	2346
3206	2347
3206	2348
3206	2349
3206	2350
3217	2351
3217	2352
3217	2353
3217	2354
3217	2355
3217	2356
3217	2357
3217	2358
3217	2359
3217	2360
3217	2361
3217	2362
3217	2363
3217	2364
3217	2365
3217	2366
3217	2367
3218	2368
3218	2369
3218	2370
3218	2371
3218	2372
3218	2373
3218	2374
3218	2375
3218	2376
3218	2377
3218	2378
3218	2379
3218	2380
3218	2381
3218	2382
3218	2383
3219	2384
3219	2385
3219	2386
3219	2387
3219	2388
3219	2389
3219	2390
3219	2391
3219	2392
3219	2393
3219	2394
3219	2395
3219	2396
3219	2397
3219	2398
3219	2399
3219	2400
3219	2401
3219	2402
3219	2403
3219	2404
3219	2405
3219	2406
3219	2407
3219	2408
3219	2409
3219	2410
3220	2411
3220	2412
3220	2413
3220	2414
3220	2415
3220	2416
3220	2417
3220	2418
3220	2419
3220	2420
3220	2421
3260	2422
3260	2423
3260	2424
3260	2425
3260	2426
3260	2427
3260	2428
3260	2429
3260	2430
3260	2431
3260	2432
3260	2433
3260	2434
3260	2435
3260	2436
3260	2437
3260	2438
3260	2439
3260	2440
3260	2441
3260	2442
3260	2443
3260	2444
3260	2445
3260	2446
3260	2447
3260	2448
3260	2449
3260	2450
3260	2451
3260	2452
3260	2453
3260	2454
3260	2455
3260	2456
3260	2457
3260	2458
3260	2459
3260	2460
3260	2461
3260	2462
3260	2463
3260	2464
3260	2465
3260	2466
3260	2467
3260	2468
3260	2469
3260	2470
3260	2471
3260	2472
3260	2473
3260	2474
3260	2475
3260	2476
3260	2477
3260	2478
3260	2479
3260	2480
3260	2481
3260	2482
3260	2483
3260	2484
3260	2485
3260	2486
3260	2487
3260	2488
3260	2489
3261	2490
3261	2491
3261	2492
3261	2493
3261	2494
3261	2495
3261	2496
3261	2497
3261	2498
3261	2499
3261	2500
3261	2501
3261	2502
3261	2503
3261	2504
3261	2505
3261	2506
3261	2507
3261	2508
3261	2509
3261	2510
3261	2511
3261	2512
3261	2513
3261	2514
3261	2515
3261	2516
3261	2517
3261	2518
3261	2519
3261	2520
3261	2521
3261	2522
3261	2523
3261	2524
3261	2525
3261	2526
3261	2527
3261	2528
3261	2529
3261	2530
3261	2531
3261	2532
3261	2533
3261	2534
3261	2535
3261	2536
3261	2537
3261	2538
3261	2539
3261	2540
3261	2541
3261	2542
3261	2543
3261	2544
3261	2545
3261	2546
3261	2547
3261	2548
3261	2549
3261	2550
3261	2551
3261	2552
3261	2553
3261	2554
3261	2555
3261	2556
3261	2557
3261	2558
3261	2559
3261	2560
3261	2561
3261	2562
3261	2563
3261	2564
3261	2565
3261	2566
3261	2567
3261	2568
3261	2569
3261	2570
3261	2571
3262	2572
3262	2573
3262	2574
3262	2575
3262	2576
3262	2577
3262	2578
3262	2579
3262	2580
3262	2581
3262	2582
3262	2583
3262	2584
3262	2585
3262	2586
3262	2587
3262	2588
3262	2589
3262	2590
3262	2591
3262	2592
3262	2593
3262	2594
3262	2595
3262	2596
3262	2597
3262	2598
3266	2599
3266	2600
3266	2601
3266	2602
3266	2603
3266	2604
3266	2605
3266	2606
3266	2607
3266	2608
3266	2609
3266	2610
3266	2611
3266	2612
3266	2613
3266	2614
3266	2615
3266	2616
3266	2617
3266	2618
3266	2619
3266	2620
3266	2621
3266	2622
3266	2623
3266	2624
3266	2625
3266	2626
3266	2627
3266	2628
3266	2629
3266	2630
3266	2631
3266	2632
3266	2633
3266	2634
3266	2635
3266	2636
3266	2637
3266	2638
3266	2639
3266	2640
3266	2641
3266	2642
3266	2643
3266	2644
3266	2645
3266	2646
3266	2647
3266	2648
3266	2649
3266	2650
3266	2651
3266	2652
3266	2653
3266	2654
3266	2655
3266	2656
3266	2657
3266	2658
3266	2659
3266	2660
3266	2661
3266	2662
3266	2663
3266	2664
3266	2665
3266	2666
3266	2667
3266	2668
3266	2669
3266	2670
3266	2671
3266	2672
3266	2673
3266	2674
3266	2675
3266	2676
3266	2677
3266	2678
3266	2679
3266	2680
3266	2681
3266	2682
3266	2683
3266	2684
3266	2685
3266	2686
3266	2687
3266	2688
3266	2689
3266	2690
3266	2691
3266	2692
3266	2693
3266	2694
3266	2695
3266	2696
3266	2697
3266	2698
3282	2699
3282	2700
3282	2701
3282	2702
3282	2703
3283	2704
3283	2705
3283	2706
3283	2707
3283	2708
3283	2709
3284	2710
3284	2711
3284	2712
3284	2713
3284	2714
3284	2715
3285	2716
3285	2717
3285	2718
3285	2719
3285	2720
3285	2721
3286	2722
3286	2723
3286	2724
3286	2725
3286	2726
3286	2727
3286	2728
3286	2729
3286	2730
3287	2731
3287	2732
3287	2733
3287	2734
3287	2735
3287	2736
3288	2737
3288	2738
3288	2739
3288	2740
3288	2741
3288	2742
3289	2743
3289	2744
3289	2745
3289	2746
3289	2747
3289	2748
3289	2749
3290	2750
3290	2751
3290	2752
3290	2753
3290	2754
3290	2755
3291	2756
3291	2757
3291	2758
3291	2759
3291	2760
3291	2761
3292	2762
3292	2763
3292	2764
3292	2765
3292	2766
3292	2767
3293	2768
3293	2769
3293	2770
3293	2771
3293	2772
3293	2773
3294	2774
3294	2775
3294	2776
3294	2777
3294	2778
3294	2779
3294	2780
3294	2781
3295	2782
3295	2783
3295	2784
3295	2785
3295	2786
3295	2787
3296	2788
3296	2789
3296	2790
3296	2791
3296	2792
3296	2793
3297	2794
3297	2795
3297	2796
3297	2797
3297	2798
3297	2799
3297	2800
3298	2801
3298	2802
3298	2803
3298	2804
3298	2805
3299	2806
3299	2807
3299	2808
3299	2809
3299	2810
3299	2811
3300	2812
3300	2813
3300	2814
3300	2815
3300	2816
3300	2817
3301	2818
3301	2819
3301	2820
3301	2821
3301	2822
3301	2823
3301	2824
3302	2825
3302	2826
3302	2827
3302	2828
3302	2829
3302	2830
3303	2831
3303	2832
3303	2833
3303	2834
3303	2835
3303	2836
3304	2837
3304	2838
3304	2839
3304	2840
3304	2841
3304	2842
3304	2843
3305	2844
3305	2845
3305	2846
3305	2847
3305	2848
3305	2849
3306	2850
3306	2851
3306	2852
3306	2853
3306	2854
3306	2855
3306	2856
3307	2857
3307	2858
3307	2859
3307	2860
3307	2861
3307	2862
3308	2863
3308	2864
3308	2865
3308	2866
3308	2867
3308	2868
3309	2869
3309	2870
3309	2871
3309	2872
3309	2873
3309	2874
3309	2875
3310	2876
3310	2877
3310	2878
3310	2879
3310	2880
3310	2881
3311	2882
3311	2883
3311	2884
3311	2885
3311	2886
3311	2887
3312	2888
3312	2889
3312	2890
3312	2891
3312	2892
3312	2893
3312	2894
3313	2895
3313	2896
3313	2897
3313	2898
3313	2899
3313	2900
3313	2901
3314	2902
3314	2903
3314	2904
3314	2905
3314	2906
3314	2907
3314	2908
3315	2909
3315	2910
3315	2911
3315	2912
3315	2913
3315	2914
3316	2915
3316	2916
3316	2917
3316	2918
3316	2919
3316	2920
3317	2921
3317	2922
3317	2923
3317	2924
3317	2925
3317	2926
3317	2927
3318	2928
3318	2929
3318	2930
3318	2931
3318	2932
3318	2933
3319	2934
3319	2935
3319	2936
3319	2937
3319	2938
3319	2939
3320	2940
3320	2941
3320	2942
3320	2943
3320	2944
3320	2945
3320	2946
3321	2947
3321	2948
3321	2949
3321	2950
3321	2951
3321	2952
3322	2953
3322	2954
3322	2955
3322	2956
3322	2957
3322	2958
3323	2959
3323	2960
3323	2961
3323	2962
3323	2963
3323	2964
3323	2965
3324	2966
3324	2967
3324	2968
3324	2969
3324	2970
3324	2971
3325	2972
3325	2973
3325	2974
3325	2975
3325	2976
3325	2977
3325	2978
3326	2979
3326	2980
3326	2981
3326	2982
3326	2983
3326	2984
3327	2985
3327	2986
3327	2987
3327	2988
3327	2989
3327	2990
3328	2991
3328	2992
3328	2993
3328	2994
3328	2995
3328	2996
3328	2997
3329	2998
3329	2999
3329	3000
3329	3001
3329	3002
3329	3003
3329	3004
3329	3005
3329	3006
3329	3007
3329	3008
3329	3009
3329	3010
3329	3011
3329	3012
3329	3013
3329	3014
3329	3015
3329	3016
3329	3017
3329	3018
3329	3019
3329	3020
3329	3021
3329	3022
3329	3023
3329	3024
3329	3025
3329	3026
3329	3027
3329	3028
3329	3029
3329	3030
3329	3031
3329	3032
3329	3033
3329	3034
3329	3035
3329	3036
3329	3037
3329	3038
3329	3039
3329	3040
3329	3041
3329	3042
3329	3043
3329	3044
3329	3045
3329	3046
3329	3047
3329	3048
3329	3049
3329	3050
3329	3051
3329	3052
3329	3053
3329	3054
3329	3055
3329	3056
3329	3057
3329	3058
3329	3059
3329	3060
3329	3061
3329	3062
3329	3063
3329	3064
3329	3065
3329	3066
3329	3067
3329	3068
3329	3069
3329	3070
3329	3071
3329	3072
3329	3073
3329	3074
3329	3075
3329	3076
3329	3077
3329	3078
3329	3079
3329	3080
3329	3081
3329	3082
3329	3083
3329	3084
3329	3085
3329	3086
3329	3087
3329	3088
3329	3089
3329	3090
3329	3091
3329	3092
3329	3093
3329	3094
3329	3095
3329	3096
3329	3097
3329	3098
3344	3099
3344	3100
3344	3101
3344	3102
3344	3103
3344	3104
3344	3105
3344	3106
3344	3107
3344	3108
3344	3109
3344	3110
3344	3111
3344	3112
3344	3113
3344	3114
3345	3115
3345	3116
3345	3117
3345	3118
3345	3119
3345	3120
3345	3121
3345	3122
3345	3123
3345	3124
3345	3125
3345	3126
3345	3127
3345	3128
3345	3129
3346	3130
3346	3131
3346	3132
3346	3133
3346	3134
3346	3135
3346	3136
3346	3137
3346	3138
3346	3139
3346	3140
3346	3141
3346	3142
3346	3143
3346	3144
3346	3145
3346	3146
3347	3147
3347	3148
3347	3149
3347	3150
3347	3151
3387	3152
3387	3153
3387	3154
3387	3155
3387	3156
3387	3157
3387	3158
3387	3159
3387	3160
3387	3161
3387	3162
3387	3163
3387	3164
3387	3165
3387	3166
3388	3167
3388	3168
3388	3169
3388	3170
3388	3171
3388	3172
3388	3173
3388	3174
3388	3175
3388	3176
3388	3177
3388	3178
3388	3179
3388	3180
3388	3181
3389	3182
3389	3183
3389	3184
3389	3185
3389	3186
3389	3187
3389	3188
3389	3189
3389	3190
3389	3191
3389	3192
3389	3193
3389	3194
3389	3195
3389	3196
3389	3197
3389	3198
3390	3199
3390	3200
3390	3201
3390	3202
3390	3203
3390	3204
3390	3205
3390	3206
3390	3207
3390	3208
3390	3209
3390	3210
3390	3211
3390	3212
3390	3213
3390	3214
3390	3215
3390	3216
3390	3217
3390	3218
3390	3219
3390	3220
3390	3221
3390	3222
3390	3223
3390	3224
3390	3225
3390	3226
3390	3227
3390	3228
3390	3229
3390	3230
3390	3231
3390	3232
3390	3233
3390	3234
3390	3235
3390	3236
3390	3237
3390	3238
3390	3239
3390	3240
3390	3241
3390	3242
3390	3243
3390	3244
3390	3245
3390	3246
3390	3247
3390	3248
3390	3249
3390	3250
3390	3251
3390	3252
3390	3253
3390	3254
3390	3255
3390	3256
3390	3257
3390	3258
3390	3259
3390	3260
3390	3261
3390	3262
3390	3263
3390	3264
3390	3265
3390	3266
3390	3267
3390	3268
3390	3269
3390	3270
3390	3271
3390	3272
3390	3273
3390	3274
3390	3275
3390	3276
3390	3277
3390	3278
3390	3279
3390	3280
3390	3281
3390	3282
3390	3283
3390	3284
3390	3285
3390	3286
3390	3287
3390	3288
3390	3289
3390	3290
3390	3291
3390	3292
3390	3293
3390	3294
3390	3295
3390	3296
3390	3297
3390	3298
3391	3299
3391	3300
3391	3301
3391	3302
3391	3303
3391	3304
3391	3305
3392	3306
3392	3307
3392	3308
3392	3309
3392	3310
3392	3311
3392	3312
3393	3313
3393	3314
3393	3315
3393	3316
3393	3317
3393	3318
3394	3319
3394	3320
3394	3321
3394	3322
3394	3323
3394	3324
3394	3325
3395	3326
3395	3327
3395	3328
3395	3329
3395	3330
3395	3331
3396	3332
3396	3333
3396	3334
3396	3335
3396	3336
3396	3337
3397	3338
3397	3339
3397	3340
3397	3341
3397	3342
3397	3343
3397	3344
3398	3345
3398	3346
3398	3347
3398	3348
3398	3349
3398	3350
3399	3351
3399	3352
3399	3353
3399	3354
3399	3355
3399	3356
3400	3357
3400	3358
3400	3359
3400	3360
3400	3361
3400	3362
3400	3363
3401	3364
3401	3365
3401	3366
3401	3367
3401	3368
3401	3369
3402	3370
3402	3371
3402	3372
3402	3373
3402	3374
3402	3375
3402	3376
3403	3377
3403	3378
3403	3379
3403	3380
3403	3381
3403	3382
3404	3383
3404	3384
3404	3385
3404	3386
3404	3387
3404	3388
3405	3389
3405	3390
3405	3391
3405	3392
3405	3393
3405	3394
3405	3395
3406	3396
3406	3397
3406	3398
3406	3399
3406	3400
3406	3401
3406	3402
3407	3403
3407	3404
3407	3405
3407	3406
3407	3407
3407	3408
3407	3409
3408	3410
3408	3411
3408	3412
3408	3413
3408	3414
3408	3415
3409	3416
3409	3417
3409	3418
3409	3419
3409	3420
3409	3421
3410	3422
3410	3423
3410	3424
3410	3425
3410	3426
3410	3427
3410	3428
3411	3429
3411	3430
3411	3431
3411	3432
3411	3433
3411	3434
3412	3435
3412	3436
3412	3437
3412	3438
3412	3439
3412	3440
3413	3441
3413	3442
3413	3443
3413	3444
3413	3445
3413	3446
3413	3447
3414	3448
3414	3449
3414	3450
3414	3451
3414	3452
3414	3453
3415	3454
3415	3455
3415	3456
3415	3457
3415	3458
3415	3459
3415	3460
3416	3461
3416	3462
3416	3463
3416	3464
3416	3465
3416	3466
3417	3467
3417	3468
3417	3469
3417	3470
3417	3471
3417	3472
3418	3473
3418	3474
3418	3475
3418	3476
3418	3477
3418	3478
3418	3479
3419	3480
3419	3481
3419	3482
3419	3483
3419	3484
3419	3485
3420	3486
3420	3487
3420	3488
3420	3489
3420	3490
3420	3491
3420	3492
3421	3493
3421	3494
3421	3495
3421	3496
3421	3497
3421	3498
3422	3499
3422	3500
3422	3501
3422	3502
3422	3503
3422	3504
3422	3505
3422	3506
3422	3507
3423	3508
3423	3509
3423	3510
3423	3511
3423	3512
3423	3513
3423	3514
3423	3515
3423	3516
3423	3517
3423	3518
3424	3519
3424	3520
3424	3521
3424	3522
3424	3523
3424	3524
3424	3525
3424	3526
3424	3527
3425	3528
3425	3529
3425	3530
3425	3531
3425	3532
3425	3533
3425	3534
3425	3535
3426	3536
3426	3537
3426	3538
3426	3539
3426	3540
3426	3541
3426	3542
3426	3543
3426	3544
3426	3545
3426	3546
3427	3547
3427	3548
3427	3549
3427	3550
3427	3551
3427	3552
3427	3553
3427	3554
3427	3555
3428	3556
3428	3557
3428	3558
3428	3559
3428	3560
3428	3561
3428	3562
3428	3563
3428	3564
3428	3565
3429	3566
3429	3567
3429	3568
3429	3569
3429	3570
3429	3571
3429	3572
3429	3573
3505	3574
