% time	cellId	IMSI	frame	sframe	RNTI	mcsTb1	sizeTb1	mcsTb2	sizeTb2	Nprb
1.042	1	3	105	3	1	28	2961	0	0	32
1.042	1	1	105	3	2	28	2961	0	0	32
1.042	1	2	105	3	3	28	2961	0	0	32
1.139	1	1	114	10	2	28	2961	0	0	32
1.139	1	2	114	10	3	28	2961	0	0	32
1.139	1	3	114	10	1	28	2961	0	0	32
1.236	1	2	124	7	3	28	2961	0	0	32
1.236	1	3	124	7	1	28	2961	0	0	32
1.236	1	1	124	7	2	28	2961	0	0	32
1.333	1	3	134	4	1	28	2961	0	0	32
1.333	1	1	134	4	2	28	2961	0	0	32
1.333	1	2	134	4	3	28	2961	0	0	32
1.334	1	1	134	5	2	28	2961	0	0	32
1.334	1	2	134	5	3	28	2961	0	0	32
1.334	1	3	134	5	1	28	2961	0	0	32
1.43	1	2	144	1	3	28	2961	0	0	32
1.43	1	3	144	1	1	28	2961	0	0	32
1.43	1	1	144	1	2	28	2961	0	0	32
1.431	1	3	144	2	1	28	2961	0	0	32
1.431	1	1	144	2	2	28	2961	0	0	32
1.431	1	2	144	2	3	28	2961	0	0	32
1.527	1	1	153	8	2	28	2961	0	0	32
1.527	1	2	153	8	3	28	2961	0	0	32
1.527	1	3	153	8	1	28	2961	0	0	32
1.528	1	2	153	9	3	28	2961	0	0	32
1.528	1	3	153	9	1	28	2961	0	0	32
1.528	1	1	153	9	2	28	2961	0	0	32
1.529	1	3	153	10	1	28	2961	0	0	32
1.529	1	1	153	10	2	28	2961	0	0	32
1.529	1	2	153	10	3	28	2961	0	0	32
1.624	1	1	163	5	2	28	2961	0	0	32
1.624	1	2	163	5	3	28	2961	0	0	32
1.624	1	3	163	5	1	28	2961	0	0	32
1.625	1	2	163	6	3	28	2961	0	0	32
1.625	1	3	163	6	1	28	2961	0	0	32
1.625	1	1	163	6	2	28	2961	0	0	32
1.626	1	3	163	7	1	28	2961	0	0	32
1.626	1	1	163	7	2	28	2961	0	0	32
1.626	1	2	163	7	3	28	2961	0	0	32
1.627	1	1	163	8	2	28	2961	0	0	32
1.627	1	2	163	8	3	28	2961	0	0	32
1.627	1	3	163	8	1	28	2961	0	0	32
1.628	1	2	163	9	3	28	2961	0	0	32
1.628	1	3	163	9	1	28	2961	0	0	32
1.628	1	1	163	9	2	28	2961	0	0	32
1.721	1	3	173	2	1	28	2961	0	0	32
1.721	1	1	173	2	2	28	2961	0	0	32
1.721	1	2	173	2	3	28	2961	0	0	32
1.722	1	1	173	3	2	28	2961	0	0	32
1.722	1	2	173	3	3	28	2961	0	0	32
1.722	1	3	173	3	1	28	2961	0	0	32
1.723	1	2	173	4	3	28	2961	0	0	32
1.723	1	3	173	4	1	28	2961	0	0	32
1.723	1	1	173	4	2	28	2961	0	0	32
1.724	1	3	173	5	1	28	2961	0	0	32
1.724	1	1	173	5	2	28	2961	0	0	32
1.724	1	2	173	5	3	28	2961	0	0	32
1.725	1	1	173	6	2	28	2961	0	0	32
1.725	1	2	173	6	3	28	2961	0	0	32
1.725	1	3	173	6	1	28	2961	0	0	32
1.726	1	2	173	7	3	28	2961	0	0	32
1.726	1	3	173	7	1	28	2961	0	0	32
1.726	1	1	173	7	2	28	2961	0	0	32
1.818	1	3	182	9	1	28	2961	0	0	32
1.818	1	1	182	9	2	28	2961	0	0	32
1.818	1	2	182	9	3	28	2961	0	0	32
1.819	1	1	182	10	2	28	2961	0	0	32
1.819	1	2	182	10	3	28	2961	0	0	32
1.819	1	3	182	10	1	28	2961	0	0	32
1.82	1	2	183	1	3	28	2961	0	0	32
1.82	1	3	183	1	1	28	2961	0	0	32
1.82	1	1	183	1	2	28	2961	0	0	32
1.821	1	3	183	2	1	28	2961	0	0	32
1.821	1	1	183	2	2	28	2961	0	0	32
1.821	1	2	183	2	3	28	2961	0	0	32
1.822	1	1	183	3	2	28	2961	0	0	32
1.822	1	2	183	3	3	28	2961	0	0	32
1.822	1	3	183	3	1	28	2961	0	0	32
1.823	1	2	183	4	3	28	2961	0	0	32
1.823	1	3	183	4	1	28	2961	0	0	32
1.823	1	1	183	4	2	28	2961	0	0	32
1.824	1	3	183	5	1	28	2961	0	0	32
1.824	1	1	183	5	2	28	2961	0	0	32
1.824	1	2	183	5	3	28	2961	0	0	32
1.825	1	1	183	6	2	28	2961	0	0	32
1.825	1	2	183	6	3	28	2961	0	0	32
1.825	1	3	183	6	1	28	2961	0	0	32
1.826	1	2	183	7	3	28	2961	0	0	32
1.826	1	3	183	7	1	28	2961	0	0	32
1.826	1	1	183	7	2	28	2961	0	0	32
1.915	1	3	192	6	1	28	2961	0	0	32
1.915	1	1	192	6	2	28	2961	0	0	32
1.915	1	2	192	6	3	28	2961	0	0	32
1.916	1	1	192	7	2	28	2961	0	0	32
1.916	1	2	192	7	3	28	2961	0	0	32
1.916	1	3	192	7	1	28	2961	0	0	32
1.917	1	2	192	8	3	28	2961	0	0	32
1.917	1	3	192	8	1	28	2961	0	0	32
1.917	1	1	192	8	2	28	2961	0	0	32
1.918	1	3	192	9	1	28	2961	0	0	32
1.918	1	1	192	9	2	28	2961	0	0	32
1.918	1	2	192	9	3	28	2961	0	0	32
1.919	1	1	192	10	2	28	2961	0	0	32
1.919	1	2	192	10	3	28	2961	0	0	32
1.919	1	3	192	10	1	28	2961	0	0	32
1.92	1	2	193	1	3	28	2961	0	0	32
1.92	1	3	193	1	1	28	2961	0	0	32
1.92	1	1	193	1	2	28	2961	0	0	32
1.921	1	3	193	2	1	28	2961	0	0	32
1.921	1	1	193	2	2	28	2961	0	0	32
1.921	1	2	193	2	3	28	2961	0	0	32
1.922	1	1	193	3	2	28	2961	0	0	32
1.922	1	2	193	3	3	28	2961	0	0	32
1.922	1	3	193	3	1	28	2961	0	0	32
1.923	1	2	193	4	3	28	2961	0	0	32
1.923	1	3	193	4	1	28	2961	0	0	32
1.923	1	1	193	4	2	28	2961	0	0	32
1.924	1	3	193	5	1	28	2961	0	0	32
1.924	1	1	193	5	2	28	2961	0	0	32
1.924	1	2	193	5	3	28	2961	0	0	32
1.925	1	1	193	6	2	28	2961	0	0	32
1.925	1	2	193	6	3	28	2961	0	0	32
1.925	1	3	193	6	1	28	2961	0	0	32
1.926	1	2	193	7	3	28	2961	0	0	32
1.926	1	3	193	7	1	28	2961	0	0	32
1.926	1	1	193	7	2	28	2961	0	0	32
1.927	1	3	193	8	1	28	2961	0	0	32
1.927	1	1	193	8	2	28	2961	0	0	32
1.927	1	2	193	8	3	28	2961	0	0	32
1.928	1	1	193	9	2	28	2961	0	0	32
1.928	1	2	193	9	3	28	2961	0	0	32
1.928	1	3	193	9	1	28	2961	0	0	32
2.012	1	2	202	3	3	28	2961	0	0	32
2.012	1	3	202	3	1	28	2961	0	0	32
2.012	1	1	202	3	2	28	2961	0	0	32
2.013	1	3	202	4	1	28	2961	0	0	32
2.013	1	1	202	4	2	28	2961	0	0	32
2.013	1	2	202	4	3	28	2961	0	0	32
2.014	1	1	202	5	2	28	2961	0	0	32
2.014	1	2	202	5	3	28	2961	0	0	32
2.014	1	3	202	5	1	28	2961	0	0	32
2.015	1	2	202	6	3	28	2961	0	0	32
2.015	1	3	202	6	1	28	2961	0	0	32
2.015	1	1	202	6	2	28	2961	0	0	32
2.016	1	3	202	7	1	28	2961	0	0	32
2.016	1	1	202	7	2	28	2961	0	0	32
2.016	1	2	202	7	3	28	2961	0	0	32
2.017	1	1	202	8	2	28	2961	0	0	32
2.017	1	2	202	8	3	28	2961	0	0	32
2.017	1	3	202	8	1	28	2961	0	0	32
2.018	1	2	202	9	3	28	2961	0	0	32
2.018	1	3	202	9	1	28	2961	0	0	32
2.018	1	1	202	9	2	28	2961	0	0	32
2.019	1	3	202	10	1	28	2961	0	0	32
2.019	1	1	202	10	2	28	2961	0	0	32
2.019	1	2	202	10	3	28	2961	0	0	32
2.02	1	1	203	1	2	28	2961	0	0	32
2.02	1	2	203	1	3	28	2961	0	0	32
2.02	1	3	203	1	1	28	2961	0	0	32
2.021	1	2	203	2	3	28	2961	0	0	32
2.021	1	3	203	2	1	28	2961	0	0	32
2.021	1	1	203	2	2	28	2961	0	0	32
2.022	1	3	203	3	1	28	2961	0	0	32
2.022	1	1	203	3	2	28	2961	0	0	32
2.022	1	2	203	3	3	28	2961	0	0	32
2.023	1	1	203	4	2	28	2961	0	0	32
2.023	1	2	203	4	3	28	2961	0	0	32
2.023	1	3	203	4	1	28	2961	0	0	32
2.024	1	2	203	5	3	28	2961	0	0	32
2.024	1	3	203	5	1	28	2961	0	0	32
2.024	1	1	203	5	2	28	2961	0	0	32
2.025	1	3	203	6	1	28	2961	0	0	32
2.025	1	1	203	6	2	28	2961	0	0	32
2.025	1	2	203	6	3	28	2961	0	0	32
2.026	1	1	203	7	2	28	2961	0	0	32
2.026	1	2	203	7	3	28	2961	0	0	32
2.026	1	3	203	7	1	28	2961	0	0	32
2.027	1	2	203	8	3	28	2961	0	0	32
2.027	1	3	203	8	1	28	2961	0	0	32
2.027	1	1	203	8	2	28	2961	0	0	32
2.028	1	3	203	9	1	28	2961	0	0	32
2.028	1	1	203	9	2	28	2961	0	0	32
2.028	1	2	203	9	3	28	2961	0	0	32
2.029	1	1	203	10	2	28	2961	0	0	32
2.029	1	2	203	10	3	28	2961	0	0	32
2.029	1	3	203	10	1	28	2961	0	0	32
2.03	1	2	204	1	3	28	2961	0	0	32
2.03	1	3	204	1	1	28	2961	0	0	32
2.03	1	1	204	1	2	28	2961	0	0	32
2.031	1	3	204	2	1	28	2961	0	0	32
2.031	1	1	204	2	2	28	2961	0	0	32
2.031	1	2	204	2	3	28	2961	0	0	32
2.032	1	1	204	3	2	28	2961	0	0	32
2.032	1	2	204	3	3	28	2961	0	0	32
2.032	1	3	204	3	1	28	2961	0	0	32
2.109	1	2	211	10	3	28	2961	0	0	32
2.109	1	3	211	10	1	28	2961	0	0	32
2.109	1	1	211	10	2	28	2961	0	0	32
2.11	1	3	212	1	1	28	2961	0	0	32
2.11	1	1	212	1	2	28	2961	0	0	32
2.11	1	2	212	1	3	28	2961	0	0	32
2.111	1	1	212	2	2	28	2961	0	0	32
2.111	1	2	212	2	3	28	2961	0	0	32
2.111	1	3	212	2	1	28	2961	0	0	32
2.112	1	2	212	3	3	28	2961	0	0	32
2.112	1	3	212	3	1	28	2961	0	0	32
2.112	1	1	212	3	2	28	2961	0	0	32
2.113	1	3	212	4	1	28	2961	0	0	32
2.113	1	1	212	4	2	28	2961	0	0	32
2.113	1	2	212	4	3	28	2961	0	0	32
2.114	1	1	212	5	2	28	2961	0	0	32
2.114	1	2	212	5	3	28	2961	0	0	32
2.114	1	3	212	5	1	28	2961	0	0	32
2.115	1	2	212	6	3	28	2961	0	0	32
2.115	1	3	212	6	1	28	2961	0	0	32
2.115	1	1	212	6	2	28	2961	0	0	32
2.116	1	3	212	7	1	28	2961	0	0	32
2.116	1	1	212	7	2	28	2961	0	0	32
2.116	1	2	212	7	3	28	2961	0	0	32
2.117	1	1	212	8	2	28	2961	0	0	32
2.117	1	2	212	8	3	28	2961	0	0	32
2.117	1	3	212	8	1	28	2961	0	0	32
2.118	1	2	212	9	3	28	2961	0	0	32
2.118	1	3	212	9	1	28	2961	0	0	32
2.118	1	1	212	9	2	28	2961	0	0	32
2.119	1	3	212	10	1	28	2961	0	0	32
2.119	1	1	212	10	2	28	2961	0	0	32
2.119	1	2	212	10	3	28	2961	0	0	32
2.12	1	1	213	1	2	28	2961	0	0	32
2.12	1	2	213	1	3	28	2961	0	0	32
2.12	1	3	213	1	1	28	2961	0	0	32
2.121	1	2	213	2	3	28	2961	0	0	32
2.121	1	3	213	2	1	28	2961	0	0	32
2.121	1	1	213	2	2	28	2961	0	0	32
2.122	1	3	213	3	1	28	2961	0	0	32
2.122	1	1	213	3	2	28	2961	0	0	32
2.122	1	2	213	3	3	28	2961	0	0	32
2.123	1	1	213	4	2	28	2961	0	0	32
2.123	1	2	213	4	3	28	2961	0	0	32
2.123	1	3	213	4	1	28	2961	0	0	32
2.124	1	2	213	5	3	28	2961	0	0	32
2.124	1	3	213	5	1	28	2961	0	0	32
2.124	1	1	213	5	2	28	2961	0	0	32
2.125	1	3	213	6	1	28	2961	0	0	32
2.125	1	1	213	6	2	28	2961	0	0	32
2.125	1	2	213	6	3	28	2961	0	0	32
2.126	1	1	213	7	2	28	2961	0	0	32
2.126	1	2	213	7	3	28	2961	0	0	32
2.126	1	3	213	7	1	28	2961	0	0	32
2.127	1	2	213	8	3	28	2961	0	0	32
2.127	1	3	213	8	1	28	2961	0	0	32
2.127	1	1	213	8	2	28	2961	0	0	32
2.128	1	3	213	9	1	28	2961	0	0	32
2.128	1	1	213	9	2	28	2961	0	0	32
2.128	1	2	213	9	3	28	2961	0	0	32
2.129	1	1	213	10	2	28	2961	0	0	32
2.129	1	2	213	10	3	28	2961	0	0	32
2.129	1	3	213	10	1	28	2961	0	0	32
2.13	1	2	214	1	3	28	2961	0	0	32
2.13	1	3	214	1	1	28	2961	0	0	32
2.13	1	1	214	1	2	28	2961	0	0	32
2.131	1	3	214	2	1	28	2961	0	0	32
2.131	1	1	214	2	2	28	2961	0	0	32
2.131	1	2	214	2	3	28	2961	0	0	32
2.206	1	1	221	7	2	28	2961	0	0	32
2.206	1	2	221	7	3	28	2961	0	0	32
2.206	1	3	221	7	1	28	2961	0	0	32
2.207	1	2	221	8	3	28	2961	0	0	32
2.207	1	3	221	8	1	28	2961	0	0	32
2.207	1	1	221	8	2	28	2961	0	0	32
2.208	1	3	221	9	1	28	2961	0	0	32
2.208	1	1	221	9	2	28	2961	0	0	32
2.208	1	2	221	9	3	28	2961	0	0	32
2.209	1	1	221	10	2	28	2961	0	0	32
2.209	1	2	221	10	3	28	2961	0	0	32
2.209	1	3	221	10	1	28	2961	0	0	32
2.21	1	2	222	1	3	28	2961	0	0	32
2.21	1	3	222	1	1	28	2961	0	0	32
2.21	1	1	222	1	2	28	2961	0	0	32
2.211	1	3	222	2	1	28	2961	0	0	32
2.211	1	1	222	2	2	28	2961	0	0	32
2.211	1	2	222	2	3	28	2961	0	0	32
2.212	1	1	222	3	2	28	2961	0	0	32
2.212	1	2	222	3	3	28	2961	0	0	32
2.212	1	3	222	3	1	28	2961	0	0	32
2.213	1	2	222	4	3	28	2961	0	0	32
2.213	1	3	222	4	1	28	2961	0	0	32
2.213	1	1	222	4	2	28	2961	0	0	32
2.214	1	3	222	5	1	28	2961	0	0	32
2.214	1	1	222	5	2	28	2961	0	0	32
2.214	1	2	222	5	3	28	2961	0	0	32
2.215	1	1	222	6	2	28	2961	0	0	32
2.215	1	2	222	6	3	28	2961	0	0	32
2.215	1	3	222	6	1	28	2961	0	0	32
2.216	1	2	222	7	3	28	2961	0	0	32
2.216	1	3	222	7	1	28	2961	0	0	32
2.216	1	1	222	7	2	28	2961	0	0	32
2.217	1	3	222	8	1	28	2961	0	0	32
2.217	1	1	222	8	2	28	2961	0	0	32
2.217	1	2	222	8	3	28	2961	0	0	32
2.218	1	1	222	9	2	28	2961	0	0	32
2.218	1	2	222	9	3	28	2961	0	0	32
2.218	1	3	222	9	1	28	2961	0	0	32
2.219	1	2	222	10	3	28	2961	0	0	32
2.219	1	3	222	10	1	28	2961	0	0	32
2.219	1	1	222	10	2	28	2961	0	0	32
2.22	1	3	223	1	1	28	2961	0	0	32
2.22	1	1	223	1	2	28	2961	0	0	32
2.22	1	2	223	1	3	28	2961	0	0	32
2.221	1	1	223	2	2	28	2961	0	0	32
2.221	1	2	223	2	3	28	2961	0	0	32
2.221	1	3	223	2	1	28	2961	0	0	32
2.222	1	2	223	3	3	28	2961	0	0	32
2.222	1	3	223	3	1	28	2961	0	0	32
2.222	1	1	223	3	2	28	2961	0	0	32
2.223	1	3	223	4	1	28	2961	0	0	32
2.223	1	1	223	4	2	28	2961	0	0	32
2.223	1	2	223	4	3	28	2961	0	0	32
2.224	1	1	223	5	2	28	2961	0	0	32
2.224	1	2	223	5	3	28	2961	0	0	32
2.224	1	3	223	5	1	28	2961	0	0	32
2.225	1	2	223	6	3	28	2961	0	0	32
2.225	1	3	223	6	1	28	2961	0	0	32
2.225	1	1	223	6	2	28	2961	0	0	32
2.226	1	3	223	7	1	28	2961	0	0	32
2.226	1	1	223	7	2	28	2961	0	0	32
2.226	1	2	223	7	3	28	2961	0	0	32
2.227	1	1	223	8	2	28	2961	0	0	32
2.227	1	2	223	8	3	28	2961	0	0	32
2.227	1	3	223	8	1	28	2961	0	0	32
2.303	1	2	231	4	3	28	2961	0	0	32
2.303	1	3	231	4	1	28	2961	0	0	32
2.303	1	1	231	4	2	28	2961	0	0	32
2.304	1	3	231	5	1	28	2961	0	0	32
2.304	1	1	231	5	2	28	2961	0	0	32
2.304	1	2	231	5	3	28	2961	0	0	32
2.305	1	1	231	6	2	28	2961	0	0	32
2.305	1	2	231	6	3	28	2961	0	0	32
2.305	1	3	231	6	1	28	2961	0	0	32
2.306	1	2	231	7	3	28	2961	0	0	32
2.306	1	3	231	7	1	28	2961	0	0	32
2.306	1	1	231	7	2	28	2961	0	0	32
2.307	1	3	231	8	1	28	2961	0	0	32
2.307	1	1	231	8	2	28	2961	0	0	32
2.307	1	2	231	8	3	28	2961	0	0	32
2.308	1	1	231	9	2	28	2961	0	0	32
2.308	1	2	231	9	3	28	2961	0	0	32
2.308	1	3	231	9	1	28	2961	0	0	32
2.309	1	2	231	10	3	28	2961	0	0	32
2.309	1	3	231	10	1	28	2961	0	0	32
2.309	1	1	231	10	2	28	2961	0	0	32
2.31	1	3	232	1	1	28	2961	0	0	32
2.31	1	1	232	1	2	28	2961	0	0	32
2.31	1	2	232	1	3	28	2961	0	0	32
2.311	1	1	232	2	2	28	2961	0	0	32
2.311	1	2	232	2	3	28	2961	0	0	32
2.311	1	3	232	2	1	28	2961	0	0	32
2.312	1	2	232	3	3	28	2961	0	0	32
2.312	1	3	232	3	1	28	2961	0	0	32
2.312	1	1	232	3	2	28	2961	0	0	32
2.313	1	3	232	4	1	28	2961	0	0	32
2.313	1	1	232	4	2	28	2961	0	0	32
2.313	1	2	232	4	3	28	2961	0	0	32
2.314	1	1	232	5	2	28	2961	0	0	32
2.314	1	2	232	5	3	28	2961	0	0	32
2.314	1	3	232	5	1	28	2961	0	0	32
2.315	1	2	232	6	3	28	2961	0	0	32
2.315	1	3	232	6	1	28	2961	0	0	32
2.315	1	1	232	6	2	28	2961	0	0	32
2.316	1	3	232	7	1	28	2961	0	0	32
2.316	1	1	232	7	2	28	2961	0	0	32
2.316	1	2	232	7	3	28	2961	0	0	32
2.317	1	1	232	8	2	28	2961	0	0	32
2.317	1	2	232	8	3	28	2961	0	0	32
2.317	1	3	232	8	1	28	2961	0	0	32
2.318	1	2	232	9	3	28	2961	0	0	32
2.318	1	3	232	9	1	28	2961	0	0	32
2.318	1	1	232	9	2	28	2961	0	0	32
2.319	1	3	232	10	1	28	2961	0	0	32
2.319	1	1	232	10	2	28	2961	0	0	32
2.319	1	2	232	10	3	28	2961	0	0	32
2.32	1	1	233	1	2	28	2961	0	0	32
2.32	1	2	233	1	3	28	2961	0	0	32
2.32	1	3	233	1	1	28	2961	0	0	32
2.321	1	2	233	2	3	28	2961	0	0	32
2.321	1	3	233	2	1	28	2961	0	0	32
2.321	1	1	233	2	2	28	2961	0	0	32
2.322	1	3	233	3	1	28	2961	0	0	32
2.322	1	1	233	3	2	28	2961	0	0	32
2.322	1	2	233	3	3	28	2961	0	0	32
2.323	1	1	233	4	2	28	2961	0	0	32
2.323	1	2	233	4	3	28	2961	0	0	32
2.323	1	3	233	4	1	28	2961	0	0	32
2.324	1	2	233	5	3	28	2961	0	0	32
2.324	1	3	233	5	1	28	2961	0	0	32
2.324	1	1	233	5	2	28	2961	0	0	32
2.4	1	3	241	1	1	28	2961	0	0	32
2.4	1	1	241	1	2	28	2961	0	0	32
2.4	1	2	241	1	3	28	2961	0	0	32
2.401	1	1	241	2	2	28	2961	0	0	32
2.401	1	2	241	2	3	28	2961	0	0	32
2.401	1	3	241	2	1	28	2961	0	0	32
2.402	1	2	241	3	3	28	2961	0	0	32
2.402	1	3	241	3	1	28	2961	0	0	32
2.402	1	1	241	3	2	28	2961	0	0	32
2.403	1	3	241	4	1	28	2961	0	0	32
2.403	1	1	241	4	2	28	2961	0	0	32
2.403	1	2	241	4	3	28	2961	0	0	32
2.404	1	1	241	5	2	28	2961	0	0	32
2.404	1	2	241	5	3	28	2961	0	0	32
2.404	1	3	241	5	1	28	2961	0	0	32
2.405	1	2	241	6	3	28	2961	0	0	32
2.405	1	3	241	6	1	28	2961	0	0	32
2.405	1	1	241	6	2	28	2961	0	0	32
2.406	1	3	241	7	1	28	2961	0	0	32
2.406	1	1	241	7	2	28	2961	0	0	32
2.406	1	2	241	7	3	28	2961	0	0	32
2.407	1	1	241	8	2	28	2961	0	0	32
2.407	1	2	241	8	3	28	2961	0	0	32
2.407	1	3	241	8	1	28	2961	0	0	32
2.408	1	2	241	9	3	28	2961	0	0	32
2.408	1	3	241	9	1	28	2961	0	0	32
2.408	1	1	241	9	2	28	2961	0	0	32
2.409	1	3	241	10	1	28	2961	0	0	32
2.409	1	1	241	10	2	28	2961	0	0	32
2.409	1	2	241	10	3	28	2961	0	0	32
2.41	1	1	242	1	2	28	2961	0	0	32
2.41	1	2	242	1	3	28	2961	0	0	32
2.41	1	3	242	1	1	28	2961	0	0	32
2.411	1	2	242	2	3	28	2961	0	0	32
2.411	1	3	242	2	1	28	2961	0	0	32
2.411	1	1	242	2	2	28	2961	0	0	32
2.412	1	3	242	3	1	28	2961	0	0	32
2.412	1	1	242	3	2	28	2961	0	0	32
2.412	1	2	242	3	3	28	2961	0	0	32
2.413	1	1	242	4	2	28	2961	0	0	32
2.413	1	2	242	4	3	28	2961	0	0	32
2.413	1	3	242	4	1	28	2961	0	0	32
2.414	1	2	242	5	3	28	2961	0	0	32
2.414	1	3	242	5	1	28	2961	0	0	32
2.414	1	1	242	5	2	28	2961	0	0	32
2.415	1	3	242	6	1	28	2961	0	0	32
2.415	1	1	242	6	2	28	2961	0	0	32
2.415	1	2	242	6	3	28	2961	0	0	32
2.416	1	1	242	7	2	28	2961	0	0	32
2.416	1	2	242	7	3	28	2961	0	0	32
2.416	1	3	242	7	1	28	2961	0	0	32
2.417	1	2	242	8	3	28	2961	0	0	32
2.417	1	3	242	8	1	28	2961	0	0	32
2.417	1	1	242	8	2	28	2961	0	0	32
2.418	1	3	242	9	1	28	2961	0	0	32
2.418	1	1	242	9	2	28	2961	0	0	32
2.418	1	2	242	9	3	28	2961	0	0	32
2.419	1	1	242	10	2	28	2961	0	0	32
2.419	1	2	242	10	3	28	2961	0	0	32
2.419	1	3	242	10	1	28	2961	0	0	32
2.42	1	2	243	1	3	28	2961	0	0	32
2.42	1	3	243	1	1	28	2961	0	0	32
2.42	1	1	243	1	2	28	2961	0	0	32
2.421	1	3	243	2	1	28	2961	0	0	32
2.421	1	1	243	2	2	28	2961	0	0	32
2.421	1	2	243	2	3	28	2961	0	0	32
2.497	1	1	250	8	2	28	2961	0	0	32
2.497	1	2	250	8	3	28	2961	0	0	32
2.497	1	3	250	8	1	28	2961	0	0	32
2.498	1	2	250	9	3	28	2961	0	0	32
2.498	1	3	250	9	1	28	2961	0	0	32
2.498	1	1	250	9	2	28	2961	0	0	32
2.499	1	3	250	10	1	28	2961	0	0	32
2.499	1	1	250	10	2	28	2961	0	0	32
2.499	1	2	250	10	3	28	2961	0	0	32
2.5	1	1	251	1	2	28	2961	0	0	32
2.5	1	2	251	1	3	28	2961	0	0	32
2.5	1	3	251	1	1	28	2961	0	0	32
2.501	1	2	251	2	3	28	2961	0	0	32
2.501	1	3	251	2	1	28	2961	0	0	32
2.501	1	1	251	2	2	28	2961	0	0	32
2.502	1	3	251	3	1	28	2961	0	0	32
2.502	1	1	251	3	2	28	2961	0	0	32
2.502	1	2	251	3	3	28	2961	0	0	32
2.503	1	1	251	4	2	28	2961	0	0	32
2.503	1	2	251	4	3	28	2961	0	0	32
2.503	1	3	251	4	1	28	2961	0	0	32
2.504	1	2	251	5	3	28	2961	0	0	32
2.504	1	3	251	5	1	28	2961	0	0	32
2.504	1	1	251	5	2	28	2961	0	0	32
2.505	1	3	251	6	1	28	2961	0	0	32
2.505	1	1	251	6	2	28	2961	0	0	32
2.505	1	2	251	6	3	28	2961	0	0	32
2.506	1	1	251	7	2	28	2961	0	0	32
2.506	1	2	251	7	3	28	2961	0	0	32
2.506	1	3	251	7	1	28	2961	0	0	32
2.507	1	2	251	8	3	28	2961	0	0	32
2.507	1	3	251	8	1	28	2961	0	0	32
2.507	1	1	251	8	2	28	2961	0	0	32
2.508	1	3	251	9	1	28	2961	0	0	32
2.508	1	1	251	9	2	28	2961	0	0	32
2.508	1	2	251	9	3	28	2961	0	0	32
2.509	1	1	251	10	2	28	2961	0	0	32
2.509	1	2	251	10	3	28	2961	0	0	32
2.509	1	3	251	10	1	28	2961	0	0	32
2.51	1	2	252	1	3	28	2961	0	0	32
2.51	1	3	252	1	1	28	2961	0	0	32
2.51	1	1	252	1	2	28	2961	0	0	32
2.511	1	3	252	2	1	28	2961	0	0	32
2.511	1	1	252	2	2	28	2961	0	0	32
2.511	1	2	252	2	3	28	2961	0	0	32
2.512	1	1	252	3	2	28	2961	0	0	32
2.512	1	2	252	3	3	28	2961	0	0	32
2.512	1	3	252	3	1	28	2961	0	0	32
2.513	1	2	252	4	3	28	2961	0	0	32
2.513	1	3	252	4	1	28	2961	0	0	32
2.513	1	1	252	4	2	28	2961	0	0	32
2.514	1	3	252	5	1	28	2961	0	0	32
2.514	1	1	252	5	2	28	2961	0	0	32
2.514	1	2	252	5	3	28	2961	0	0	32
2.515	1	1	252	6	2	28	2961	0	0	32
2.515	1	2	252	6	3	28	2961	0	0	32
2.515	1	3	252	6	1	28	2961	0	0	32
2.516	1	2	252	7	3	28	2961	0	0	32
2.516	1	3	252	7	1	28	2961	0	0	32
2.516	1	1	252	7	2	28	2961	0	0	32
2.517	1	3	252	8	1	28	2961	0	0	32
2.517	1	1	252	8	2	28	2961	0	0	32
2.517	1	2	252	8	3	28	2961	0	0	32
2.518	1	1	252	9	2	28	2961	0	0	32
2.518	1	2	252	9	3	28	2961	0	0	32
2.518	1	3	252	9	1	28	2961	0	0	32
2.594	1	2	260	5	3	28	2961	0	0	32
2.594	1	3	260	5	1	28	2961	0	0	32
2.594	1	1	260	5	2	28	2961	0	0	32
2.595	1	3	260	6	1	28	2961	0	0	32
2.595	1	1	260	6	2	28	2961	0	0	32
2.595	1	2	260	6	3	28	2961	0	0	32
2.596	1	1	260	7	2	28	2961	0	0	32
2.596	1	2	260	7	3	28	2961	0	0	32
2.596	1	3	260	7	1	28	2961	0	0	32
2.597	1	2	260	8	3	28	2961	0	0	32
2.597	1	3	260	8	1	28	2961	0	0	32
2.597	1	1	260	8	2	28	2961	0	0	32
2.598	1	3	260	9	1	28	2961	0	0	32
2.598	1	1	260	9	2	28	2961	0	0	32
2.598	1	2	260	9	3	28	2961	0	0	32
2.599	1	1	260	10	2	28	2961	0	0	32
2.599	1	2	260	10	3	28	2961	0	0	32
2.599	1	3	260	10	1	28	2961	0	0	32
2.6	1	2	261	1	3	28	2961	0	0	32
2.6	1	3	261	1	1	28	2961	0	0	32
2.6	1	1	261	1	2	28	2961	0	0	32
2.601	1	3	261	2	1	28	2961	0	0	32
2.601	1	1	261	2	2	28	2961	0	0	32
2.601	1	2	261	2	3	28	2961	0	0	32
2.602	1	1	261	3	2	28	2961	0	0	32
2.602	1	2	261	3	3	28	2961	0	0	32
2.602	1	3	261	3	1	28	2961	0	0	32
2.603	1	2	261	4	3	28	2961	0	0	32
2.603	1	3	261	4	1	28	2961	0	0	32
2.603	1	1	261	4	2	28	2961	0	0	32
2.604	1	3	261	5	1	28	2961	0	0	32
2.604	1	1	261	5	2	28	2961	0	0	32
2.604	1	2	261	5	3	28	2961	0	0	32
2.605	1	1	261	6	2	28	2961	0	0	32
2.605	1	2	261	6	3	28	2961	0	0	32
2.605	1	3	261	6	1	28	2961	0	0	32
2.606	1	2	261	7	3	28	2961	0	0	32
2.606	1	3	261	7	1	28	2961	0	0	32
2.606	1	1	261	7	2	28	2961	0	0	32
2.607	1	3	261	8	1	28	2961	0	0	32
2.607	1	1	261	8	2	28	2961	0	0	32
2.607	1	2	261	8	3	28	2961	0	0	32
2.608	1	1	261	9	2	28	2961	0	0	32
2.608	1	2	261	9	3	28	2961	0	0	32
2.608	1	3	261	9	1	28	2961	0	0	32
2.609	1	2	261	10	3	28	2961	0	0	32
2.609	1	3	261	10	1	28	2961	0	0	32
2.609	1	1	261	10	2	28	2961	0	0	32
2.61	1	3	262	1	1	28	2961	0	0	32
2.61	1	1	262	1	2	28	2961	0	0	32
2.61	1	2	262	1	3	28	2961	0	0	32
2.611	1	1	262	2	2	28	2961	0	0	32
2.611	1	2	262	2	3	28	2961	0	0	32
2.611	1	3	262	2	1	28	2961	0	0	32
2.612	1	2	262	3	3	28	2961	0	0	32
2.612	1	3	262	3	1	28	2961	0	0	32
2.612	1	1	262	3	2	28	2961	0	0	32
2.613	1	3	262	4	1	28	2961	0	0	32
2.613	1	1	262	4	2	28	2961	0	0	32
2.613	1	2	262	4	3	28	2961	0	0	32
2.614	1	1	262	5	2	28	2961	0	0	32
2.614	1	2	262	5	3	28	2961	0	0	32
2.614	1	3	262	5	1	28	2961	0	0	32
2.615	1	2	262	6	3	28	2961	0	0	32
2.615	1	3	262	6	1	28	2961	0	0	32
2.615	1	1	262	6	2	28	2961	0	0	32
2.691	1	3	270	2	1	28	2961	0	0	32
2.691	1	1	270	2	2	28	2961	0	0	32
2.691	1	2	270	2	3	28	2961	0	0	32
2.692	1	1	270	3	2	28	2961	0	0	32
2.692	1	2	270	3	3	28	2961	0	0	32
2.692	1	3	270	3	1	28	2961	0	0	32
2.693	1	2	270	4	3	28	2961	0	0	32
2.693	1	3	270	4	1	28	2961	0	0	32
2.693	1	1	270	4	2	28	2961	0	0	32
2.694	1	3	270	5	1	28	2961	0	0	32
2.694	1	1	270	5	2	28	2961	0	0	32
2.694	1	2	270	5	3	28	2961	0	0	32
2.695	1	1	270	6	2	28	2961	0	0	32
2.695	1	2	270	6	3	28	2961	0	0	32
2.695	1	3	270	6	1	28	2961	0	0	32
2.696	1	2	270	7	3	28	2961	0	0	32
2.696	1	3	270	7	1	28	2961	0	0	32
2.696	1	1	270	7	2	28	2961	0	0	32
2.697	1	3	270	8	1	28	2961	0	0	32
2.697	1	1	270	8	2	28	2961	0	0	32
2.697	1	2	270	8	3	28	2961	0	0	32
2.698	1	1	270	9	2	28	2961	0	0	32
2.698	1	2	270	9	3	28	2961	0	0	32
2.698	1	3	270	9	1	28	2961	0	0	32
2.699	1	2	270	10	3	28	2961	0	0	32
2.699	1	3	270	10	1	28	2961	0	0	32
2.699	1	1	270	10	2	28	2961	0	0	32
2.7	1	3	271	1	1	28	2961	0	0	32
2.7	1	1	271	1	2	28	2961	0	0	32
2.7	1	2	271	1	3	28	2961	0	0	32
2.701	1	1	271	2	2	28	2961	0	0	32
2.701	1	2	271	2	3	28	2961	0	0	32
2.701	1	3	271	2	1	28	2961	0	0	32
2.702	1	2	271	3	3	28	2961	0	0	32
2.702	1	3	271	3	1	28	2961	0	0	32
2.702	1	1	271	3	2	28	2961	0	0	32
2.703	1	3	271	4	1	28	2961	0	0	32
2.703	1	1	271	4	2	28	2961	0	0	32
2.703	1	2	271	4	3	28	2961	0	0	32
2.704	1	1	271	5	2	28	2961	0	0	32
2.704	1	2	271	5	3	28	2961	0	0	32
2.704	1	3	271	5	1	28	2961	0	0	32
2.705	1	2	271	6	3	28	2961	0	0	32
2.705	1	3	271	6	1	28	2961	0	0	32
2.705	1	1	271	6	2	28	2961	0	0	32
2.706	1	3	271	7	1	28	2961	0	0	32
2.706	1	1	271	7	2	28	2961	0	0	32
2.706	1	2	271	7	3	28	2961	0	0	32
2.707	1	1	271	8	2	28	2961	0	0	32
2.707	1	2	271	8	3	28	2961	0	0	32
2.707	1	3	271	8	1	28	2961	0	0	32
2.708	1	2	271	9	3	28	2961	0	0	32
2.708	1	3	271	9	1	28	2961	0	0	32
2.708	1	1	271	9	2	28	2961	0	0	32
2.709	1	3	271	10	1	28	2961	0	0	32
2.709	1	1	271	10	2	28	2961	0	0	32
2.709	1	2	271	10	3	28	2961	0	0	32
2.71	1	1	272	1	2	28	2961	0	0	32
2.71	1	2	272	1	3	28	2961	0	0	32
2.71	1	3	272	1	1	28	2961	0	0	32
2.711	1	2	272	2	3	28	2961	0	0	32
2.711	1	3	272	2	1	28	2961	0	0	32
2.711	1	1	272	2	2	28	2961	0	0	32
2.712	1	3	272	3	1	28	2961	0	0	32
2.712	1	1	272	3	2	28	2961	0	0	32
2.712	1	2	272	3	3	28	2961	0	0	32
2.788	1	1	279	9	2	28	2961	0	0	32
2.788	1	2	279	9	3	28	2961	0	0	32
2.788	1	3	279	9	1	28	2961	0	0	32
2.789	1	2	279	10	3	28	2961	0	0	32
2.789	1	3	279	10	1	28	2961	0	0	32
2.789	1	1	279	10	2	28	2961	0	0	32
2.79	1	3	280	1	1	28	2961	0	0	32
2.79	1	1	280	1	2	28	2961	0	0	32
2.79	1	2	280	1	3	28	2961	0	0	32
2.791	1	1	280	2	2	28	2961	0	0	32
2.791	1	2	280	2	3	28	2961	0	0	32
2.791	1	3	280	2	1	28	2961	0	0	32
2.792	1	2	280	3	3	28	2961	0	0	32
2.792	1	3	280	3	1	28	2961	0	0	32
2.792	1	1	280	3	2	28	2961	0	0	32
2.793	1	3	280	4	1	28	2961	0	0	32
2.793	1	1	280	4	2	28	2961	0	0	32
2.793	1	2	280	4	3	28	2961	0	0	32
2.794	1	1	280	5	2	28	2961	0	0	32
2.794	1	2	280	5	3	28	2961	0	0	32
2.794	1	3	280	5	1	28	2961	0	0	32
2.795	1	2	280	6	3	28	2961	0	0	32
2.795	1	3	280	6	1	28	2961	0	0	32
2.795	1	1	280	6	2	28	2961	0	0	32
2.796	1	3	280	7	1	28	2961	0	0	32
2.796	1	1	280	7	2	28	2961	0	0	32
2.796	1	2	280	7	3	28	2961	0	0	32
2.797	1	1	280	8	2	28	2961	0	0	32
2.797	1	2	280	8	3	28	2961	0	0	32
2.797	1	3	280	8	1	28	2961	0	0	32
2.798	1	2	280	9	3	28	2961	0	0	32
2.798	1	3	280	9	1	28	2961	0	0	32
2.798	1	1	280	9	2	28	2961	0	0	32
2.799	1	3	280	10	1	28	2961	0	0	32
2.799	1	1	280	10	2	28	2961	0	0	32
2.799	1	2	280	10	3	28	2961	0	0	32
2.8	1	1	281	1	2	28	2961	0	0	32
2.8	1	2	281	1	3	28	2961	0	0	32
2.8	1	3	281	1	1	28	2961	0	0	32
2.801	1	2	281	2	3	28	2961	0	0	32
2.801	1	3	281	2	1	28	2961	0	0	32
2.801	1	1	281	2	2	28	2961	0	0	32
2.802	1	3	281	3	1	28	2961	0	0	32
2.802	1	1	281	3	2	28	2961	0	0	32
2.802	1	2	281	3	3	28	2961	0	0	32
2.803	1	1	281	4	2	28	2961	0	0	32
2.803	1	2	281	4	3	28	2961	0	0	32
2.803	1	3	281	4	1	28	2961	0	0	32
2.804	1	2	281	5	3	28	2961	0	0	32
2.804	1	3	281	5	1	28	2961	0	0	32
2.804	1	1	281	5	2	28	2961	0	0	32
2.805	1	3	281	6	1	28	2961	0	0	32
2.805	1	1	281	6	2	28	2961	0	0	32
2.805	1	2	281	6	3	28	2961	0	0	32
2.806	1	1	281	7	2	28	2961	0	0	32
2.806	1	2	281	7	3	28	2961	0	0	32
2.806	1	3	281	7	1	28	2961	0	0	32
2.807	1	2	281	8	3	28	2961	0	0	32
2.807	1	3	281	8	1	28	2961	0	0	32
2.807	1	1	281	8	2	28	2961	0	0	32
2.808	1	3	281	9	1	28	2961	0	0	32
2.808	1	1	281	9	2	28	2961	0	0	32
2.808	1	2	281	9	3	28	2961	0	0	32
2.809	1	1	281	10	2	28	2961	0	0	32
2.809	1	2	281	10	3	28	2961	0	0	32
2.809	1	3	281	10	1	28	2961	0	0	32
2.885	1	2	289	6	3	28	2961	0	0	32
2.885	1	3	289	6	1	28	2961	0	0	32
2.885	1	1	289	6	2	28	2961	0	0	32
2.886	1	3	289	7	1	28	2961	0	0	32
2.886	1	1	289	7	2	28	2961	0	0	32
2.886	1	2	289	7	3	28	2961	0	0	32
2.887	1	1	289	8	2	28	2961	0	0	32
2.887	1	2	289	8	3	28	2961	0	0	32
2.887	1	3	289	8	1	28	2961	0	0	32
2.888	1	2	289	9	3	28	2961	0	0	32
2.888	1	3	289	9	1	28	2961	0	0	32
2.888	1	1	289	9	2	28	2961	0	0	32
2.889	1	3	289	10	1	28	2961	0	0	32
2.889	1	1	289	10	2	28	2961	0	0	32
2.889	1	2	289	10	3	28	2961	0	0	32
2.89	1	1	290	1	2	28	2961	0	0	32
2.89	1	2	290	1	3	28	2961	0	0	32
2.89	1	3	290	1	1	28	2961	0	0	32
2.891	1	2	290	2	3	28	2961	0	0	32
2.891	1	3	290	2	1	28	2961	0	0	32
2.891	1	1	290	2	2	28	2961	0	0	32
2.892	1	3	290	3	1	28	2961	0	0	32
2.892	1	1	290	3	2	28	2961	0	0	32
2.892	1	2	290	3	3	28	2961	0	0	32
2.893	1	1	290	4	2	28	2961	0	0	32
2.893	1	2	290	4	3	28	2961	0	0	32
2.893	1	3	290	4	1	28	2961	0	0	32
2.894	1	2	290	5	3	28	2961	0	0	32
2.894	1	3	290	5	1	28	2961	0	0	32
2.894	1	1	290	5	2	28	2961	0	0	32
2.895	1	3	290	6	1	28	2961	0	0	32
2.895	1	1	290	6	2	28	2961	0	0	32
2.895	1	2	290	6	3	28	2961	0	0	32
2.896	1	1	290	7	2	28	2961	0	0	32
2.896	1	2	290	7	3	28	2961	0	0	32
2.896	1	3	290	7	1	28	2961	0	0	32
2.897	1	2	290	8	3	28	2961	0	0	32
2.897	1	3	290	8	1	28	2961	0	0	32
2.897	1	1	290	8	2	28	2961	0	0	32
2.898	1	3	290	9	1	28	2961	0	0	32
2.898	1	1	290	9	2	28	2961	0	0	32
2.898	1	2	290	9	3	28	2961	0	0	32
2.899	1	1	290	10	2	28	2961	0	0	32
2.899	1	2	290	10	3	28	2961	0	0	32
2.899	1	3	290	10	1	28	2961	0	0	32
2.9	1	2	291	1	3	28	2961	0	0	32
2.9	1	3	291	1	1	28	2961	0	0	32
2.9	1	1	291	1	2	28	2961	0	0	32
2.901	1	3	291	2	1	28	2961	0	0	32
2.901	1	1	291	2	2	28	2961	0	0	32
2.901	1	2	291	2	3	28	2961	0	0	32
2.902	1	1	291	3	2	28	2961	0	0	32
2.902	1	2	291	3	3	28	2961	0	0	32
2.902	1	3	291	3	1	28	2961	0	0	32
2.903	1	2	291	4	3	28	2961	0	0	32
2.903	1	3	291	4	1	28	2961	0	0	32
2.903	1	1	291	4	2	28	2961	0	0	32
2.904	1	3	291	5	1	28	2961	0	0	32
2.904	1	1	291	5	2	28	2961	0	0	32
2.904	1	2	291	5	3	28	2961	0	0	32
2.905	1	1	291	6	2	28	2961	0	0	32
2.905	1	2	291	6	3	28	2961	0	0	32
2.905	1	3	291	6	1	28	2961	0	0	32
2.906	1	2	291	7	3	28	2961	0	0	32
2.906	1	3	291	7	1	28	2961	0	0	32
2.906	1	1	291	7	2	28	2961	0	0	32
2.982	1	3	299	3	1	28	2961	0	0	32
2.982	1	1	299	3	2	28	2961	0	0	32
2.982	1	2	299	3	3	28	2961	0	0	32
2.983	1	1	299	4	2	28	2961	0	0	32
2.983	1	2	299	4	3	28	2961	0	0	32
2.983	1	3	299	4	1	28	2961	0	0	32
2.984	1	2	299	5	3	28	2961	0	0	32
2.984	1	3	299	5	1	28	2961	0	0	32
2.984	1	1	299	5	2	28	2961	0	0	32
2.985	1	3	299	6	1	28	2961	0	0	32
2.985	1	1	299	6	2	28	2961	0	0	32
2.985	1	2	299	6	3	28	2961	0	0	32
2.986	1	1	299	7	2	28	2961	0	0	32
2.986	1	2	299	7	3	28	2961	0	0	32
2.986	1	3	299	7	1	28	2961	0	0	32
2.987	1	2	299	8	3	28	2961	0	0	32
2.987	1	3	299	8	1	28	2961	0	0	32
2.987	1	1	299	8	2	28	2961	0	0	32
2.988	1	3	299	9	1	28	2961	0	0	32
2.988	1	1	299	9	2	28	2961	0	0	32
2.988	1	2	299	9	3	28	2961	0	0	32
2.989	1	1	299	10	2	28	2961	0	0	32
2.989	1	2	299	10	3	28	2961	0	0	32
2.989	1	3	299	10	1	28	2961	0	0	32
2.99	1	2	300	1	3	28	2961	0	0	32
2.99	1	3	300	1	1	28	2961	0	0	32
2.99	1	1	300	1	2	28	2961	0	0	32
2.991	1	3	300	2	1	28	2961	0	0	32
2.991	1	1	300	2	2	28	2961	0	0	32
2.991	1	2	300	2	3	28	2961	0	0	32
2.992	1	1	300	3	2	28	2961	0	0	32
2.992	1	2	300	3	3	28	2961	0	0	32
2.992	1	3	300	3	1	28	2961	0	0	32
2.993	1	2	300	4	3	28	2961	0	0	32
2.993	1	3	300	4	1	28	2961	0	0	32
2.993	1	1	300	4	2	28	2961	0	0	32
2.994	1	3	300	5	1	28	2961	0	0	32
2.994	1	1	300	5	2	28	2961	0	0	32
2.994	1	2	300	5	3	28	2961	0	0	32
2.995	1	1	300	6	2	28	2961	0	0	32
2.995	1	2	300	6	3	28	2961	0	0	32
2.995	1	3	300	6	1	28	2961	0	0	32
2.996	1	2	300	7	3	28	2961	0	0	32
2.996	1	3	300	7	1	28	2961	0	0	32
2.996	1	1	300	7	2	28	2961	0	0	32
2.997	1	3	300	8	1	28	2961	0	0	32
2.997	1	1	300	8	2	28	2961	0	0	32
2.997	1	2	300	8	3	28	2961	0	0	32
2.998	1	1	300	9	2	28	2961	0	0	32
2.998	1	2	300	9	3	28	2961	0	0	32
2.998	1	3	300	9	1	28	2961	0	0	32
2.999	1	2	300	10	3	28	2961	0	0	32
2.999	1	3	300	10	1	28	2961	0	0	32
2.999	1	1	300	10	2	28	2961	0	0	32
3	1	3	301	1	1	28	2961	0	0	32
3	1	1	301	1	2	28	2961	0	0	32
3	1	2	301	1	3	28	2961	0	0	32
3.001	1	1	301	2	2	28	2961	0	0	32
3.001	1	2	301	2	3	28	2961	0	0	32
3.001	1	3	301	2	1	28	2961	0	0	32
3.002	1	2	301	3	3	28	2961	0	0	32
3.002	1	3	301	3	1	28	2961	0	0	32
3.002	1	1	301	3	2	28	2961	0	0	32
3.003	1	3	301	4	1	28	2961	0	0	32
3.003	1	1	301	4	2	28	2961	0	0	32
3.003	1	2	301	4	3	28	2961	0	0	32
3.079	1	1	308	10	2	28	2961	0	0	32
3.079	1	2	308	10	3	28	2961	0	0	32
3.079	1	3	308	10	1	28	2961	0	0	32
3.08	1	2	309	1	3	28	2961	0	0	32
3.08	1	3	309	1	1	28	2961	0	0	32
3.08	1	1	309	1	2	28	2961	0	0	32
3.081	1	3	309	2	1	28	2961	0	0	32
3.081	1	1	309	2	2	28	2961	0	0	32
3.081	1	2	309	2	3	28	2961	0	0	32
3.082	1	1	309	3	2	28	2961	0	0	32
3.082	1	2	309	3	3	28	2961	0	0	32
3.082	1	3	309	3	1	28	2961	0	0	32
3.083	1	2	309	4	3	28	2961	0	0	32
3.083	1	3	309	4	1	28	2961	0	0	32
3.083	1	1	309	4	2	28	2961	0	0	32
3.084	1	3	309	5	1	28	2961	0	0	32
3.084	1	1	309	5	2	28	2961	0	0	32
3.084	1	2	309	5	3	28	2961	0	0	32
3.085	1	1	309	6	2	28	2961	0	0	32
3.085	1	2	309	6	3	28	2961	0	0	32
3.085	1	3	309	6	1	28	2961	0	0	32
3.086	1	2	309	7	3	28	2961	0	0	32
3.086	1	3	309	7	1	28	2961	0	0	32
3.086	1	1	309	7	2	28	2961	0	0	32
3.087	1	3	309	8	1	28	2961	0	0	32
3.087	1	1	309	8	2	28	2961	0	0	32
3.087	1	2	309	8	3	28	2961	0	0	32
3.088	1	1	309	9	2	28	2961	0	0	32
3.088	1	2	309	9	3	28	2961	0	0	32
3.088	1	3	309	9	1	28	2961	0	0	32
3.089	1	2	309	10	3	28	2961	0	0	32
3.089	1	3	309	10	1	28	2961	0	0	32
3.089	1	1	309	10	2	28	2961	0	0	32
3.09	1	3	310	1	1	28	2961	0	0	32
3.09	1	1	310	1	2	28	2961	0	0	32
3.09	1	2	310	1	3	28	2961	0	0	32
3.091	1	1	310	2	2	28	2961	0	0	32
3.091	1	2	310	2	3	28	2961	0	0	32
3.091	1	3	310	2	1	28	2961	0	0	32
3.092	1	2	310	3	3	28	2961	0	0	32
3.092	1	3	310	3	1	28	2961	0	0	32
3.092	1	1	310	3	2	28	2961	0	0	32
3.093	1	3	310	4	1	28	2961	0	0	32
3.093	1	1	310	4	2	28	2961	0	0	32
3.093	1	2	310	4	3	28	2961	0	0	32
3.094	1	1	310	5	2	28	2961	0	0	32
3.094	1	2	310	5	3	28	2961	0	0	32
3.094	1	3	310	5	1	28	2961	0	0	32
3.095	1	2	310	6	3	28	2961	0	0	32
3.095	1	3	310	6	1	28	2961	0	0	32
3.095	1	1	310	6	2	28	2961	0	0	32
3.096	1	3	310	7	1	28	2961	0	0	32
3.096	1	1	310	7	2	28	2961	0	0	32
3.096	1	2	310	7	3	28	2961	0	0	32
3.097	1	1	310	8	2	28	2961	0	0	32
3.097	1	2	310	8	3	28	2961	0	0	32
3.097	1	3	310	8	1	28	2961	0	0	32
3.098	1	2	310	9	3	28	2961	0	0	32
3.098	1	3	310	9	1	28	2961	0	0	32
3.098	1	1	310	9	2	28	2961	0	0	32
3.099	1	3	310	10	1	28	2961	0	0	32
3.099	1	1	310	10	2	28	2961	0	0	32
3.099	1	2	310	10	3	28	2961	0	0	32
3.1	1	1	311	1	2	28	2961	0	0	32
3.1	1	2	311	1	3	28	2961	0	0	32
3.1	1	3	311	1	1	28	2961	0	0	32
3.176	1	2	318	7	3	28	2961	0	0	32
3.176	1	3	318	7	1	28	2961	0	0	32
3.176	1	1	318	7	2	28	2961	0	0	32
3.177	1	3	318	8	1	28	2961	0	0	32
3.177	1	1	318	8	2	28	2961	0	0	32
3.177	1	2	318	8	3	28	2961	0	0	32
3.178	1	1	318	9	2	28	2961	0	0	32
3.178	1	2	318	9	3	28	2961	0	0	32
3.178	1	3	318	9	1	28	2961	0	0	32
3.179	1	2	318	10	3	28	2961	0	0	32
3.179	1	3	318	10	1	28	2961	0	0	32
3.179	1	1	318	10	2	28	2961	0	0	32
3.18	1	3	319	1	1	28	2961	0	0	32
3.18	1	1	319	1	2	28	2961	0	0	32
3.18	1	2	319	1	3	28	2961	0	0	32
3.181	1	1	319	2	2	28	2961	0	0	32
3.181	1	2	319	2	3	28	2961	0	0	32
3.181	1	3	319	2	1	28	2961	0	0	32
3.182	1	2	319	3	3	28	2961	0	0	32
3.182	1	3	319	3	1	28	2961	0	0	32
3.182	1	1	319	3	2	28	2961	0	0	32
3.183	1	3	319	4	1	28	2961	0	0	32
3.183	1	1	319	4	2	28	2961	0	0	32
3.183	1	2	319	4	3	28	2961	0	0	32
3.184	1	1	319	5	2	28	2961	0	0	32
3.184	1	2	319	5	3	28	2961	0	0	32
3.184	1	3	319	5	1	28	2961	0	0	32
3.185	1	2	319	6	3	28	2961	0	0	32
3.185	1	3	319	6	1	28	2961	0	0	32
3.185	1	1	319	6	2	28	2961	0	0	32
3.186	1	3	319	7	1	28	2961	0	0	32
3.186	1	1	319	7	2	28	2961	0	0	32
3.186	1	2	319	7	3	28	2961	0	0	32
3.187	1	1	319	8	2	28	2961	0	0	32
3.187	1	2	319	8	3	28	2961	0	0	32
3.187	1	3	319	8	1	28	2961	0	0	32
3.188	1	2	319	9	3	28	2961	0	0	32
3.188	1	3	319	9	1	28	2961	0	0	32
3.188	1	1	319	9	2	28	2961	0	0	32
3.189	1	3	319	10	1	28	2961	0	0	32
3.189	1	1	319	10	2	28	2961	0	0	32
3.189	1	2	319	10	3	28	2961	0	0	32
3.19	1	1	320	1	2	28	2961	0	0	32
3.19	1	2	320	1	3	28	2961	0	0	32
3.19	1	3	320	1	1	28	2961	0	0	32
3.191	1	2	320	2	3	28	2961	0	0	32
3.191	1	3	320	2	1	28	2961	0	0	32
3.191	1	1	320	2	2	28	2961	0	0	32
3.192	1	3	320	3	1	28	2961	0	0	32
3.192	1	1	320	3	2	28	2961	0	0	32
3.192	1	2	320	3	3	28	2961	0	0	32
3.193	1	1	320	4	2	28	2961	0	0	32
3.193	1	2	320	4	3	28	2961	0	0	32
3.193	1	3	320	4	1	28	2961	0	0	32
3.194	1	2	320	5	3	28	2961	0	0	32
3.194	1	3	320	5	1	28	2961	0	0	32
3.194	1	1	320	5	2	28	2961	0	0	32
3.195	1	3	320	6	1	28	2961	0	0	32
3.195	1	1	320	6	2	28	2961	0	0	32
3.195	1	2	320	6	3	28	2961	0	0	32
3.196	1	1	320	7	2	28	2961	0	0	32
3.196	1	2	320	7	3	28	2961	0	0	32
3.196	1	3	320	7	1	28	2961	0	0	32
3.197	1	2	320	8	3	28	2961	0	0	32
3.197	1	3	320	8	1	28	2961	0	0	32
3.197	1	1	320	8	2	28	2961	0	0	32
3.273	1	3	328	4	1	28	2961	0	0	32
3.273	1	1	328	4	2	28	2961	0	0	32
3.273	1	2	328	4	3	28	2961	0	0	32
3.274	1	1	328	5	2	28	2961	0	0	32
3.274	1	2	328	5	3	28	2961	0	0	32
3.274	1	3	328	5	1	28	2961	0	0	32
3.275	1	2	328	6	3	28	2961	0	0	32
3.275	1	3	328	6	1	28	2961	0	0	32
3.275	1	1	328	6	2	28	2961	0	0	32
3.276	1	3	328	7	1	28	2961	0	0	32
3.276	1	1	328	7	2	28	2961	0	0	32
3.276	1	2	328	7	3	28	2961	0	0	32
3.277	1	1	328	8	2	28	2961	0	0	32
3.277	1	2	328	8	3	28	2961	0	0	32
3.277	1	3	328	8	1	28	2961	0	0	32
3.278	1	2	328	9	3	28	2961	0	0	32
3.278	1	3	328	9	1	28	2961	0	0	32
3.278	1	1	328	9	2	28	2961	0	0	32
3.279	1	3	328	10	1	28	2961	0	0	32
3.279	1	1	328	10	2	28	2961	0	0	32
3.279	1	2	328	10	3	28	2961	0	0	32
3.28	1	1	329	1	2	28	2961	0	0	32
3.28	1	2	329	1	3	28	2961	0	0	32
3.28	1	3	329	1	1	28	2961	0	0	32
3.281	1	2	329	2	3	28	2961	0	0	32
3.281	1	3	329	2	1	28	2961	0	0	32
3.281	1	1	329	2	2	28	2961	0	0	32
3.282	1	3	329	3	1	28	2961	0	0	32
3.282	1	1	329	3	2	28	2961	0	0	32
3.282	1	2	329	3	3	28	2961	0	0	32
3.283	1	1	329	4	2	28	2961	0	0	32
3.283	1	2	329	4	3	28	2961	0	0	32
3.283	1	3	329	4	1	28	2961	0	0	32
3.284	1	2	329	5	3	28	2961	0	0	32
3.284	1	3	329	5	1	28	2961	0	0	32
3.284	1	1	329	5	2	28	2961	0	0	32
3.285	1	3	329	6	1	28	2961	0	0	32
3.285	1	1	329	6	2	28	2961	0	0	32
3.285	1	2	329	6	3	28	2961	0	0	32
3.286	1	1	329	7	2	28	2961	0	0	32
3.286	1	2	329	7	3	28	2961	0	0	32
3.286	1	3	329	7	1	28	2961	0	0	32
3.287	1	2	329	8	3	28	2961	0	0	32
3.287	1	3	329	8	1	28	2961	0	0	32
3.287	1	1	329	8	2	28	2961	0	0	32
3.288	1	3	329	9	1	28	2961	0	0	32
3.288	1	1	329	9	2	28	2961	0	0	32
3.288	1	2	329	9	3	28	2961	0	0	32
3.289	1	1	329	10	2	28	2961	0	0	32
3.289	1	2	329	10	3	28	2961	0	0	32
3.289	1	3	329	10	1	28	2961	0	0	32
3.29	1	2	330	1	3	28	2961	0	0	32
3.29	1	3	330	1	1	28	2961	0	0	32
3.29	1	1	330	1	2	28	2961	0	0	32
3.291	1	3	330	2	1	28	2961	0	0	32
3.291	1	1	330	2	2	28	2961	0	0	32
3.291	1	2	330	2	3	28	2961	0	0	32
3.292	1	1	330	3	2	28	2961	0	0	32
3.292	1	2	330	3	3	28	2961	0	0	32
3.292	1	3	330	3	1	28	2961	0	0	32
3.293	1	2	330	4	3	28	2961	0	0	32
3.293	1	3	330	4	1	28	2961	0	0	32
3.293	1	1	330	4	2	28	2961	0	0	32
3.294	1	3	330	5	1	28	2961	0	0	32
3.294	1	1	330	5	2	28	2961	0	0	32
3.294	1	2	330	5	3	28	2961	0	0	32
3.37	1	1	338	1	2	28	2961	0	0	32
3.37	1	2	338	1	3	28	2961	0	0	32
3.37	1	3	338	1	1	28	2961	0	0	32
3.371	1	2	338	2	3	28	2961	0	0	32
3.371	1	3	338	2	1	28	2961	0	0	32
3.371	1	1	338	2	2	28	2961	0	0	32
3.372	1	3	338	3	1	28	2961	0	0	32
3.372	1	1	338	3	2	28	2961	0	0	32
3.372	1	2	338	3	3	28	2961	0	0	32
3.373	1	1	338	4	2	28	2961	0	0	32
3.373	1	2	338	4	3	28	2961	0	0	32
3.373	1	3	338	4	1	28	2961	0	0	32
3.374	1	2	338	5	3	28	2961	0	0	32
3.374	1	3	338	5	1	28	2961	0	0	32
3.374	1	1	338	5	2	28	2961	0	0	32
3.375	1	3	338	6	1	28	2961	0	0	32
3.375	1	1	338	6	2	28	2961	0	0	32
3.375	1	2	338	6	3	28	2961	0	0	32
3.376	1	1	338	7	2	28	2961	0	0	32
3.376	1	2	338	7	3	28	2961	0	0	32
3.376	1	3	338	7	1	28	2961	0	0	32
3.377	1	2	338	8	3	28	2961	0	0	32
3.377	1	3	338	8	1	28	2961	0	0	32
3.377	1	1	338	8	2	28	2961	0	0	32
3.378	1	3	338	9	1	28	2961	0	0	32
3.378	1	1	338	9	2	28	2961	0	0	32
3.378	1	2	338	9	3	28	2961	0	0	32
3.379	1	1	338	10	2	28	2961	0	0	32
3.379	1	2	338	10	3	28	2961	0	0	32
3.379	1	3	338	10	1	28	2961	0	0	32
3.38	1	2	339	1	3	28	2961	0	0	32
3.38	1	3	339	1	1	28	2961	0	0	32
3.38	1	1	339	1	2	28	2961	0	0	32
3.381	1	3	339	2	1	28	2961	0	0	32
3.381	1	1	339	2	2	28	2961	0	0	32
3.381	1	2	339	2	3	28	2961	0	0	32
3.382	1	1	339	3	2	28	2961	0	0	32
3.382	1	2	339	3	3	28	2961	0	0	32
3.382	1	3	339	3	1	28	2961	0	0	32
3.383	1	2	339	4	3	28	2961	0	0	32
3.383	1	3	339	4	1	28	2961	0	0	32
3.383	1	1	339	4	2	28	2961	0	0	32
3.384	1	3	339	5	1	28	2961	0	0	32
3.384	1	1	339	5	2	28	2961	0	0	32
3.384	1	2	339	5	3	28	2961	0	0	32
3.385	1	1	339	6	2	28	2961	0	0	32
3.385	1	2	339	6	3	28	2961	0	0	32
3.385	1	3	339	6	1	28	2961	0	0	32
3.386	1	2	339	7	3	28	2961	0	0	32
3.386	1	3	339	7	1	28	2961	0	0	32
3.386	1	1	339	7	2	28	2961	0	0	32
3.387	1	3	339	8	1	28	2961	0	0	32
3.387	1	1	339	8	2	28	2961	0	0	32
3.387	1	2	339	8	3	28	2961	0	0	32
3.388	1	1	339	9	2	28	2961	0	0	32
3.388	1	2	339	9	3	28	2961	0	0	32
3.388	1	3	339	9	1	28	2961	0	0	32
3.389	1	2	339	10	3	28	2961	0	0	32
3.389	1	3	339	10	1	28	2961	0	0	32
3.389	1	1	339	10	2	28	2961	0	0	32
3.39	1	3	340	1	1	28	2961	0	0	32
3.39	1	1	340	1	2	28	2961	0	0	32
3.39	1	2	340	1	3	28	2961	0	0	32
3.391	1	1	340	2	2	28	2961	0	0	32
3.391	1	2	340	2	3	28	2961	0	0	32
3.391	1	3	340	2	1	28	2961	0	0	32
3.467	1	2	347	8	3	28	2961	0	0	32
3.467	1	3	347	8	1	28	2961	0	0	32
3.467	1	1	347	8	2	28	2961	0	0	32
3.468	1	3	347	9	1	28	2961	0	0	32
3.468	1	1	347	9	2	28	2961	0	0	32
3.468	1	2	347	9	3	28	2961	0	0	32
3.469	1	1	347	10	2	28	2961	0	0	32
3.469	1	2	347	10	3	28	2961	0	0	32
3.469	1	3	347	10	1	28	2961	0	0	32
3.47	1	2	348	1	3	28	2961	0	0	32
3.47	1	3	348	1	1	28	2961	0	0	32
3.47	1	1	348	1	2	28	2961	0	0	32
3.471	1	3	348	2	1	28	2961	0	0	32
3.471	1	1	348	2	2	28	2961	0	0	32
3.471	1	2	348	2	3	28	2961	0	0	32
3.472	1	1	348	3	2	28	2961	0	0	32
3.472	1	2	348	3	3	28	2961	0	0	32
3.472	1	3	348	3	1	28	2961	0	0	32
3.473	1	2	348	4	3	28	2961	0	0	32
3.473	1	3	348	4	1	28	2961	0	0	32
3.473	1	1	348	4	2	28	2961	0	0	32
3.474	1	3	348	5	1	28	2961	0	0	32
3.474	1	1	348	5	2	28	2961	0	0	32
3.474	1	2	348	5	3	28	2961	0	0	32
3.475	1	1	348	6	2	28	2961	0	0	32
3.475	1	2	348	6	3	28	2961	0	0	32
3.475	1	3	348	6	1	28	2961	0	0	32
3.476	1	2	348	7	3	28	2961	0	0	32
3.476	1	3	348	7	1	28	2961	0	0	32
3.476	1	1	348	7	2	28	2961	0	0	32
3.477	1	3	348	8	1	28	2961	0	0	32
3.477	1	1	348	8	2	28	2961	0	0	32
3.477	1	2	348	8	3	28	2961	0	0	32
3.478	1	1	348	9	2	28	2961	0	0	32
3.478	1	2	348	9	3	28	2961	0	0	32
3.478	1	3	348	9	1	28	2961	0	0	32
3.479	1	2	348	10	3	28	2961	0	0	32
3.479	1	3	348	10	1	28	2961	0	0	32
3.479	1	1	348	10	2	28	2961	0	0	32
3.48	1	3	349	1	1	28	2961	0	0	32
3.48	1	1	349	1	2	28	2961	0	0	32
3.48	1	2	349	1	3	28	2961	0	0	32
3.481	1	1	349	2	2	28	2961	0	0	32
3.481	1	2	349	2	3	28	2961	0	0	32
3.481	1	3	349	2	1	28	2961	0	0	32
3.482	1	2	349	3	3	28	2961	0	0	32
3.482	1	3	349	3	1	28	2961	0	0	32
3.482	1	1	349	3	2	28	2961	0	0	32
3.483	1	3	349	4	1	28	2961	0	0	32
3.483	1	1	349	4	2	28	2961	0	0	32
3.483	1	2	349	4	3	28	2961	0	0	32
3.484	1	1	349	5	2	28	2961	0	0	32
3.484	1	2	349	5	3	28	2961	0	0	32
3.484	1	3	349	5	1	28	2961	0	0	32
3.485	1	2	349	6	3	28	2961	0	0	32
3.485	1	3	349	6	1	28	2961	0	0	32
3.485	1	1	349	6	2	28	2961	0	0	32
3.486	1	3	349	7	1	28	2961	0	0	32
3.486	1	1	349	7	2	28	2961	0	0	32
3.486	1	2	349	7	3	28	2961	0	0	32
3.487	1	1	349	8	2	28	2961	0	0	32
3.487	1	2	349	8	3	28	2961	0	0	32
3.487	1	3	349	8	1	28	2961	0	0	32
3.488	1	2	349	9	3	28	2961	0	0	32
3.488	1	3	349	9	1	28	2961	0	0	32
3.488	1	1	349	9	2	28	2961	0	0	32
3.564	1	3	357	5	1	28	2961	0	0	32
3.564	1	1	357	5	2	28	2961	0	0	32
3.564	1	2	357	5	3	28	2961	0	0	32
3.565	1	1	357	6	2	28	2961	0	0	32
3.565	1	2	357	6	3	28	2961	0	0	32
3.565	1	3	357	6	1	28	2961	0	0	32
3.566	1	2	357	7	3	28	2961	0	0	32
3.566	1	3	357	7	1	28	2961	0	0	32
3.566	1	1	357	7	2	28	2961	0	0	32
3.567	1	3	357	8	1	28	2961	0	0	32
3.567	1	1	357	8	2	28	2961	0	0	32
3.567	1	2	357	8	3	28	2961	0	0	32
3.568	1	1	357	9	2	28	2961	0	0	32
3.568	1	2	357	9	3	28	2961	0	0	32
3.568	1	3	357	9	1	28	2961	0	0	32
3.569	1	2	357	10	3	28	2961	0	0	32
3.569	1	3	357	10	1	28	2961	0	0	32
3.569	1	1	357	10	2	28	2961	0	0	32
3.57	1	3	358	1	1	28	2961	0	0	32
3.57	1	1	358	1	2	28	2961	0	0	32
3.57	1	2	358	1	3	28	2961	0	0	32
3.571	1	1	358	2	2	28	2961	0	0	32
3.571	1	2	358	2	3	28	2961	0	0	32
3.571	1	3	358	2	1	28	2961	0	0	32
3.572	1	2	358	3	3	28	2961	0	0	32
3.572	1	3	358	3	1	28	2961	0	0	32
3.572	1	1	358	3	2	28	2961	0	0	32
3.573	1	3	358	4	1	28	2961	0	0	32
3.573	1	1	358	4	2	28	2961	0	0	32
3.573	1	2	358	4	3	28	2961	0	0	32
3.574	1	1	358	5	2	28	2961	0	0	32
3.574	1	2	358	5	3	28	2961	0	0	32
3.574	1	3	358	5	1	28	2961	0	0	32
3.575	1	2	358	6	3	28	2961	0	0	32
3.575	1	3	358	6	1	28	2961	0	0	32
3.575	1	1	358	6	2	28	2961	0	0	32
3.576	1	3	358	7	1	28	2961	0	0	32
3.576	1	1	358	7	2	28	2961	0	0	32
3.576	1	2	358	7	3	28	2961	0	0	32
3.577	1	1	358	8	2	28	2961	0	0	32
3.577	1	2	358	8	3	28	2961	0	0	32
3.577	1	3	358	8	1	28	2961	0	0	32
3.578	1	2	358	9	3	28	2961	0	0	32
3.578	1	3	358	9	1	28	2961	0	0	32
3.578	1	1	358	9	2	28	2961	0	0	32
3.579	1	3	358	10	1	28	2961	0	0	32
3.579	1	1	358	10	2	28	2961	0	0	32
3.579	1	2	358	10	3	28	2961	0	0	32
3.58	1	1	359	1	2	28	2961	0	0	32
3.58	1	2	359	1	3	28	2961	0	0	32
3.58	1	3	359	1	1	28	2961	0	0	32
3.581	1	2	359	2	3	28	2961	0	0	32
3.581	1	3	359	2	1	28	2961	0	0	32
3.581	1	1	359	2	2	28	2961	0	0	32
3.582	1	3	359	3	1	28	2961	0	0	32
3.582	1	1	359	3	2	28	2961	0	0	32
3.582	1	2	359	3	3	28	2961	0	0	32
3.583	1	1	359	4	2	28	2961	0	0	32
3.583	1	2	359	4	3	28	2961	0	0	32
3.583	1	3	359	4	1	28	2961	0	0	32
3.584	1	2	359	5	3	28	2961	0	0	32
3.584	1	3	359	5	1	28	2961	0	0	32
3.584	1	1	359	5	2	28	2961	0	0	32
3.585	1	3	359	6	1	28	2961	0	0	32
3.585	1	1	359	6	2	28	2961	0	0	32
3.585	1	2	359	6	3	28	2961	0	0	32
3.661	1	1	367	2	2	28	2961	0	0	32
3.661	1	2	367	2	3	28	2961	0	0	32
3.661	1	3	367	2	1	28	2961	0	0	32
3.662	1	2	367	3	3	28	2961	0	0	32
3.662	1	3	367	3	1	28	2961	0	0	32
3.662	1	1	367	3	2	28	2961	0	0	32
3.663	1	3	367	4	1	28	2961	0	0	32
3.663	1	1	367	4	2	28	2961	0	0	32
3.663	1	2	367	4	3	28	2961	0	0	32
3.664	1	1	367	5	2	28	2961	0	0	32
3.664	1	2	367	5	3	28	2961	0	0	32
3.664	1	3	367	5	1	28	2961	0	0	32
3.665	1	2	367	6	3	28	2961	0	0	32
3.665	1	3	367	6	1	28	2961	0	0	32
3.665	1	1	367	6	2	28	2961	0	0	32
3.666	1	3	367	7	1	28	2961	0	0	32
3.666	1	1	367	7	2	28	2961	0	0	32
3.666	1	2	367	7	3	28	2961	0	0	32
3.667	1	1	367	8	2	28	2961	0	0	32
3.667	1	2	367	8	3	28	2961	0	0	32
3.667	1	3	367	8	1	28	2961	0	0	32
3.668	1	2	367	9	3	28	2961	0	0	32
3.668	1	3	367	9	1	28	2961	0	0	32
3.668	1	1	367	9	2	28	2961	0	0	32
3.669	1	3	367	10	1	28	2961	0	0	32
3.669	1	1	367	10	2	28	2961	0	0	32
3.669	1	2	367	10	3	28	2961	0	0	32
3.67	1	1	368	1	2	28	2961	0	0	32
3.67	1	2	368	1	3	28	2961	0	0	32
3.67	1	3	368	1	1	28	2961	0	0	32
3.671	1	2	368	2	3	28	2961	0	0	32
3.671	1	3	368	2	1	28	2961	0	0	32
3.671	1	1	368	2	2	28	2961	0	0	32
3.672	1	3	368	3	1	28	2961	0	0	32
3.672	1	1	368	3	2	28	2961	0	0	32
3.672	1	2	368	3	3	28	2961	0	0	32
3.673	1	1	368	4	2	28	2961	0	0	32
3.673	1	2	368	4	3	28	2961	0	0	32
3.673	1	3	368	4	1	28	2961	0	0	32
3.674	1	2	368	5	3	28	2961	0	0	32
3.674	1	3	368	5	1	28	2961	0	0	32
3.674	1	1	368	5	2	28	2961	0	0	32
3.675	1	3	368	6	1	28	2961	0	0	32
3.675	1	1	368	6	2	28	2961	0	0	32
3.675	1	2	368	6	3	28	2961	0	0	32
3.676	1	1	368	7	2	28	2961	0	0	32
3.676	1	2	368	7	3	28	2961	0	0	32
3.676	1	3	368	7	1	28	2961	0	0	32
3.677	1	2	368	8	3	28	2961	0	0	32
3.677	1	3	368	8	1	28	2961	0	0	32
3.677	1	1	368	8	2	28	2961	0	0	32
3.678	1	3	368	9	1	28	2961	0	0	32
3.678	1	1	368	9	2	28	2961	0	0	32
3.678	1	2	368	9	3	28	2961	0	0	32
3.679	1	1	368	10	2	28	2961	0	0	32
3.679	1	2	368	10	3	28	2961	0	0	32
3.679	1	3	368	10	1	28	2961	0	0	32
3.68	1	2	369	1	3	28	2961	0	0	32
3.68	1	3	369	1	1	28	2961	0	0	32
3.68	1	1	369	1	2	28	2961	0	0	32
3.681	1	3	369	2	1	28	2961	0	0	32
3.681	1	1	369	2	2	28	2961	0	0	32
3.681	1	2	369	2	3	28	2961	0	0	32
3.682	1	1	369	3	2	28	2961	0	0	32
3.682	1	2	369	3	3	28	2961	0	0	32
3.682	1	3	369	3	1	28	2961	0	0	32
3.758	1	2	376	9	3	28	2961	0	0	32
3.758	1	3	376	9	1	28	2961	0	0	32
3.758	1	1	376	9	2	28	2961	0	0	32
3.759	1	3	376	10	1	28	2961	0	0	32
3.759	1	1	376	10	2	28	2961	0	0	32
3.759	1	2	376	10	3	28	2961	0	0	32
3.76	1	1	377	1	2	28	2961	0	0	32
3.76	1	2	377	1	3	28	2961	0	0	32
3.76	1	3	377	1	1	28	2961	0	0	32
3.761	1	2	377	2	3	28	2961	0	0	32
3.761	1	3	377	2	1	28	2961	0	0	32
3.761	1	1	377	2	2	28	2961	0	0	32
3.762	1	3	377	3	1	28	2961	0	0	32
3.762	1	1	377	3	2	28	2961	0	0	32
3.762	1	2	377	3	3	28	2961	0	0	32
3.763	1	1	377	4	2	28	2961	0	0	32
3.763	1	2	377	4	3	28	2961	0	0	32
3.763	1	3	377	4	1	28	2961	0	0	32
3.764	1	2	377	5	3	28	2961	0	0	32
3.764	1	3	377	5	1	28	2961	0	0	32
3.764	1	1	377	5	2	28	2961	0	0	32
3.765	1	3	377	6	1	28	2961	0	0	32
3.765	1	1	377	6	2	28	2961	0	0	32
3.765	1	2	377	6	3	28	2961	0	0	32
3.766	1	1	377	7	2	28	2961	0	0	32
3.766	1	2	377	7	3	28	2961	0	0	32
3.766	1	3	377	7	1	28	2961	0	0	32
3.767	1	2	377	8	3	28	2961	0	0	32
3.767	1	3	377	8	1	28	2961	0	0	32
3.767	1	1	377	8	2	28	2961	0	0	32
3.768	1	3	377	9	1	28	2961	0	0	32
3.768	1	1	377	9	2	28	2961	0	0	32
3.768	1	2	377	9	3	28	2961	0	0	32
3.769	1	1	377	10	2	28	2961	0	0	32
3.769	1	2	377	10	3	28	2961	0	0	32
3.769	1	3	377	10	1	28	2961	0	0	32
3.77	1	2	378	1	3	28	2961	0	0	32
3.77	1	3	378	1	1	28	2961	0	0	32
3.77	1	1	378	1	2	28	2961	0	0	32
3.771	1	3	378	2	1	28	2961	0	0	32
3.771	1	1	378	2	2	28	2961	0	0	32
3.771	1	2	378	2	3	28	2961	0	0	32
3.772	1	1	378	3	2	28	2961	0	0	32
3.772	1	2	378	3	3	28	2961	0	0	32
3.772	1	3	378	3	1	28	2961	0	0	32
3.773	1	2	378	4	3	28	2961	0	0	32
3.773	1	3	378	4	1	28	2961	0	0	32
3.773	1	1	378	4	2	28	2961	0	0	32
3.774	1	3	378	5	1	28	2961	0	0	32
3.774	1	1	378	5	2	28	2961	0	0	32
3.774	1	2	378	5	3	28	2961	0	0	32
3.775	1	1	378	6	2	28	2961	0	0	32
3.775	1	2	378	6	3	28	2961	0	0	32
3.775	1	3	378	6	1	28	2961	0	0	32
3.776	1	2	378	7	3	28	2961	0	0	32
3.776	1	3	378	7	1	28	2961	0	0	32
3.776	1	1	378	7	2	28	2961	0	0	32
3.777	1	3	378	8	1	28	2961	0	0	32
3.777	1	1	378	8	2	28	2961	0	0	32
3.777	1	2	378	8	3	28	2961	0	0	32
3.778	1	1	378	9	2	28	2961	0	0	32
3.778	1	2	378	9	3	28	2961	0	0	32
3.778	1	3	378	9	1	28	2961	0	0	32
3.779	1	2	378	10	3	28	2961	0	0	32
3.779	1	3	378	10	1	28	2961	0	0	32
3.779	1	1	378	10	2	28	2961	0	0	32
3.855	1	3	386	6	1	28	2961	0	0	32
3.855	1	1	386	6	2	28	2961	0	0	32
3.855	1	2	386	6	3	28	2961	0	0	32
3.856	1	1	386	7	2	28	2961	0	0	32
3.856	1	2	386	7	3	28	2961	0	0	32
3.856	1	3	386	7	1	28	2961	0	0	32
3.857	1	2	386	8	3	28	2961	0	0	32
3.857	1	3	386	8	1	28	2961	0	0	32
3.857	1	1	386	8	2	28	2961	0	0	32
3.858	1	3	386	9	1	28	2961	0	0	32
3.858	1	1	386	9	2	28	2961	0	0	32
3.858	1	2	386	9	3	28	2961	0	0	32
3.859	1	1	386	10	2	28	2961	0	0	32
3.859	1	2	386	10	3	28	2961	0	0	32
3.859	1	3	386	10	1	28	2961	0	0	32
3.86	1	2	387	1	3	28	2961	0	0	32
3.86	1	3	387	1	1	28	2961	0	0	32
3.86	1	1	387	1	2	28	2961	0	0	32
3.861	1	3	387	2	1	28	2961	0	0	32
3.861	1	1	387	2	2	28	2961	0	0	32
3.861	1	2	387	2	3	28	2961	0	0	32
3.862	1	1	387	3	2	28	2961	0	0	32
3.862	1	2	387	3	3	28	2961	0	0	32
3.862	1	3	387	3	1	28	2961	0	0	32
3.863	1	2	387	4	3	28	2961	0	0	32
3.863	1	3	387	4	1	28	2961	0	0	32
3.863	1	1	387	4	2	28	2961	0	0	32
3.864	1	3	387	5	1	28	2961	0	0	32
3.864	1	1	387	5	2	28	2961	0	0	32
3.864	1	2	387	5	3	28	2961	0	0	32
3.865	1	1	387	6	2	28	2961	0	0	32
3.865	1	2	387	6	3	28	2961	0	0	32
3.865	1	3	387	6	1	28	2961	0	0	32
3.866	1	2	387	7	3	28	2961	0	0	32
3.866	1	3	387	7	1	28	2961	0	0	32
3.866	1	1	387	7	2	28	2961	0	0	32
3.867	1	3	387	8	1	28	2961	0	0	32
3.867	1	1	387	8	2	28	2961	0	0	32
3.867	1	2	387	8	3	28	2961	0	0	32
3.868	1	1	387	9	2	28	2961	0	0	32
3.868	1	2	387	9	3	28	2961	0	0	32
3.868	1	3	387	9	1	28	2961	0	0	32
3.869	1	2	387	10	3	28	2961	0	0	32
3.869	1	3	387	10	1	28	2961	0	0	32
3.869	1	1	387	10	2	28	2961	0	0	32
3.87	1	3	388	1	1	28	2961	0	0	32
3.87	1	1	388	1	2	28	2961	0	0	32
3.87	1	2	388	1	3	28	2961	0	0	32
3.871	1	1	388	2	2	28	2961	0	0	32
3.871	1	2	388	2	3	28	2961	0	0	32
3.871	1	3	388	2	1	28	2961	0	0	32
3.872	1	2	388	3	3	28	2961	0	0	32
3.872	1	3	388	3	1	28	2961	0	0	32
3.872	1	1	388	3	2	28	2961	0	0	32
3.873	1	3	388	4	1	28	2961	0	0	32
3.873	1	1	388	4	2	28	2961	0	0	32
3.873	1	2	388	4	3	28	2961	0	0	32
3.874	1	1	388	5	2	28	2961	0	0	32
3.874	1	2	388	5	3	28	2961	0	0	32
3.874	1	3	388	5	1	28	2961	0	0	32
3.875	1	2	388	6	3	28	2961	0	0	32
3.875	1	3	388	6	1	28	2961	0	0	32
3.875	1	1	388	6	2	28	2961	0	0	32
3.876	1	3	388	7	1	28	2961	0	0	32
3.876	1	1	388	7	2	28	2961	0	0	32
3.876	1	2	388	7	3	28	2961	0	0	32
3.952	1	1	396	3	2	28	2961	0	0	32
3.952	1	2	396	3	3	28	2961	0	0	32
3.952	1	3	396	3	1	28	2961	0	0	32
3.953	1	2	396	4	3	28	2961	0	0	32
3.953	1	3	396	4	1	28	2961	0	0	32
3.953	1	1	396	4	2	28	2961	0	0	32
3.954	1	3	396	5	1	28	2961	0	0	32
3.954	1	1	396	5	2	28	2961	0	0	32
3.954	1	2	396	5	3	28	2961	0	0	32
3.955	1	1	396	6	2	28	2961	0	0	32
3.955	1	2	396	6	3	28	2961	0	0	32
3.955	1	3	396	6	1	28	2961	0	0	32
3.956	1	2	396	7	3	28	2961	0	0	32
3.956	1	3	396	7	1	28	2961	0	0	32
3.956	1	1	396	7	2	28	2961	0	0	32
3.957	1	3	396	8	1	28	2961	0	0	32
3.957	1	1	396	8	2	28	2961	0	0	32
3.957	1	2	396	8	3	28	2961	0	0	32
3.958	1	1	396	9	2	28	2961	0	0	32
3.958	1	2	396	9	3	28	2961	0	0	32
3.958	1	3	396	9	1	28	2961	0	0	32
3.959	1	2	396	10	3	28	2961	0	0	32
3.959	1	3	396	10	1	28	2961	0	0	32
3.959	1	1	396	10	2	28	2961	0	0	32
3.96	1	3	397	1	1	28	2961	0	0	32
3.96	1	1	397	1	2	28	2961	0	0	32
3.96	1	2	397	1	3	28	2961	0	0	32
3.961	1	1	397	2	2	28	2961	0	0	32
3.961	1	2	397	2	3	28	2961	0	0	32
3.961	1	3	397	2	1	28	2961	0	0	32
3.962	1	2	397	3	3	28	2961	0	0	32
3.962	1	3	397	3	1	28	2961	0	0	32
3.962	1	1	397	3	2	28	2961	0	0	32
3.963	1	3	397	4	1	28	2961	0	0	32
3.963	1	1	397	4	2	28	2961	0	0	32
3.963	1	2	397	4	3	28	2961	0	0	32
3.964	1	1	397	5	2	28	2961	0	0	32
3.964	1	2	397	5	3	28	2961	0	0	32
3.964	1	3	397	5	1	28	2961	0	0	32
3.965	1	2	397	6	3	28	2961	0	0	32
3.965	1	3	397	6	1	28	2961	0	0	32
3.965	1	1	397	6	2	28	2961	0	0	32
3.966	1	3	397	7	1	28	2961	0	0	32
3.966	1	1	397	7	2	28	2961	0	0	32
3.966	1	2	397	7	3	28	2961	0	0	32
3.967	1	1	397	8	2	28	2961	0	0	32
3.967	1	2	397	8	3	28	2961	0	0	32
3.967	1	3	397	8	1	28	2961	0	0	32
3.968	1	2	397	9	3	28	2961	0	0	32
3.968	1	3	397	9	1	28	2961	0	0	32
3.968	1	1	397	9	2	28	2961	0	0	32
3.969	1	3	397	10	1	28	2961	0	0	32
3.969	1	1	397	10	2	28	2961	0	0	32
3.969	1	2	397	10	3	28	2961	0	0	32
3.97	1	1	398	1	2	28	2961	0	0	32
3.97	1	2	398	1	3	28	2961	0	0	32
3.97	1	3	398	1	1	28	2961	0	0	32
3.971	1	2	398	2	3	28	2961	0	0	32
3.971	1	3	398	2	1	28	2961	0	0	32
3.971	1	1	398	2	2	28	2961	0	0	32
3.972	1	3	398	3	1	28	2961	0	0	32
3.972	1	1	398	3	2	28	2961	0	0	32
3.972	1	2	398	3	3	28	2961	0	0	32
3.973	1	1	398	4	2	28	2961	0	0	32
3.973	1	2	398	4	3	28	2961	0	0	32
3.973	1	3	398	4	1	28	2961	0	0	32
4.049	1	2	405	10	3	28	2961	0	0	32
4.049	1	3	405	10	1	28	2961	0	0	32
4.049	1	1	405	10	2	28	2961	0	0	32
4.05	1	3	406	1	1	28	2961	0	0	32
4.05	1	1	406	1	2	28	2961	0	0	32
4.05	1	2	406	1	3	28	2961	0	0	32
4.051	1	1	406	2	2	28	2961	0	0	32
4.051	1	2	406	2	3	28	2961	0	0	32
4.051	1	3	406	2	1	28	2961	0	0	32
4.052	1	2	406	3	3	28	2961	0	0	32
4.052	1	3	406	3	1	28	2961	0	0	32
4.052	1	1	406	3	2	28	2961	0	0	32
4.053	1	3	406	4	1	28	2961	0	0	32
4.053	1	1	406	4	2	28	2961	0	0	32
4.053	1	2	406	4	3	28	2961	0	0	32
4.054	1	1	406	5	2	28	2961	0	0	32
4.054	1	2	406	5	3	28	2961	0	0	32
4.054	1	3	406	5	1	28	2961	0	0	32
4.055	1	2	406	6	3	28	2961	0	0	32
4.055	1	3	406	6	1	28	2961	0	0	32
4.055	1	1	406	6	2	28	2961	0	0	32
4.056	1	3	406	7	1	28	2961	0	0	32
4.056	1	1	406	7	2	28	2961	0	0	32
4.056	1	2	406	7	3	28	2961	0	0	32
4.057	1	1	406	8	2	28	2961	0	0	32
4.057	1	2	406	8	3	28	2961	0	0	32
4.057	1	3	406	8	1	28	2961	0	0	32
4.058	1	2	406	9	3	28	2961	0	0	32
4.058	1	3	406	9	1	28	2961	0	0	32
4.058	1	1	406	9	2	28	2961	0	0	32
4.059	1	3	406	10	1	28	2961	0	0	32
4.059	1	1	406	10	2	28	2961	0	0	32
4.059	1	2	406	10	3	28	2961	0	0	32
4.06	1	1	407	1	2	28	2961	0	0	32
4.06	1	2	407	1	3	28	2961	0	0	32
4.06	1	3	407	1	1	28	2961	0	0	32
4.061	1	2	407	2	3	28	2961	0	0	32
4.061	1	3	407	2	1	28	2961	0	0	32
4.061	1	1	407	2	2	28	2961	0	0	32
4.062	1	3	407	3	1	28	2961	0	0	32
4.062	1	1	407	3	2	28	2961	0	0	32
4.062	1	2	407	3	3	28	2961	0	0	32
4.063	1	1	407	4	2	28	2961	0	0	32
4.063	1	2	407	4	3	28	2961	0	0	32
4.063	1	3	407	4	1	28	2961	0	0	32
4.064	1	2	407	5	3	28	2961	0	0	32
4.064	1	3	407	5	1	28	2961	0	0	32
4.064	1	1	407	5	2	28	2961	0	0	32
4.065	1	3	407	6	1	28	2961	0	0	32
4.065	1	1	407	6	2	28	2961	0	0	32
4.065	1	2	407	6	3	28	2961	0	0	32
4.066	1	1	407	7	2	28	2961	0	0	32
4.066	1	2	407	7	3	28	2961	0	0	32
4.066	1	3	407	7	1	28	2961	0	0	32
4.067	1	2	407	8	3	28	2961	0	0	32
4.067	1	3	407	8	1	28	2961	0	0	32
4.067	1	1	407	8	2	28	2961	0	0	32
4.068	1	3	407	9	1	28	2961	0	0	32
4.068	1	1	407	9	2	28	2961	0	0	32
4.068	1	2	407	9	3	28	2961	0	0	32
4.069	1	1	407	10	2	28	2961	0	0	32
4.069	1	2	407	10	3	28	2961	0	0	32
4.069	1	3	407	10	1	28	2961	0	0	32
4.07	1	2	408	1	3	28	2961	0	0	32
4.07	1	3	408	1	1	28	2961	0	0	32
4.07	1	1	408	1	2	28	2961	0	0	32
4.146	1	3	415	7	1	28	2961	0	0	32
4.146	1	1	415	7	2	28	2961	0	0	32
4.146	1	2	415	7	3	28	2961	0	0	32
4.147	1	1	415	8	2	28	2961	0	0	32
4.147	1	2	415	8	3	28	2961	0	0	32
4.147	1	3	415	8	1	28	2961	0	0	32
4.148	1	2	415	9	3	28	2961	0	0	32
4.148	1	3	415	9	1	28	2961	0	0	32
4.148	1	1	415	9	2	28	2961	0	0	32
4.149	1	3	415	10	1	28	2961	0	0	32
4.149	1	1	415	10	2	28	2961	0	0	32
4.149	1	2	415	10	3	28	2961	0	0	32
4.15	1	1	416	1	2	28	2961	0	0	32
4.15	1	2	416	1	3	28	2961	0	0	32
4.15	1	3	416	1	1	28	2961	0	0	32
4.151	1	2	416	2	3	28	2961	0	0	32
4.151	1	3	416	2	1	28	2961	0	0	32
4.151	1	1	416	2	2	28	2961	0	0	32
4.152	1	3	416	3	1	28	2961	0	0	32
4.152	1	1	416	3	2	28	2961	0	0	32
4.152	1	2	416	3	3	28	2961	0	0	32
4.153	1	1	416	4	2	28	2961	0	0	32
4.153	1	2	416	4	3	28	2961	0	0	32
4.153	1	3	416	4	1	28	2961	0	0	32
4.154	1	2	416	5	3	28	2961	0	0	32
4.154	1	3	416	5	1	28	2961	0	0	32
4.154	1	1	416	5	2	28	2961	0	0	32
4.155	1	3	416	6	1	28	2961	0	0	32
4.155	1	1	416	6	2	28	2961	0	0	32
4.155	1	2	416	6	3	28	2961	0	0	32
4.156	1	1	416	7	2	28	2961	0	0	32
4.156	1	2	416	7	3	28	2961	0	0	32
4.156	1	3	416	7	1	28	2961	0	0	32
4.157	1	2	416	8	3	28	2961	0	0	32
4.157	1	3	416	8	1	28	2961	0	0	32
4.157	1	1	416	8	2	28	2961	0	0	32
4.158	1	3	416	9	1	28	2961	0	0	32
4.158	1	1	416	9	2	28	2961	0	0	32
4.158	1	2	416	9	3	28	2961	0	0	32
4.159	1	1	416	10	2	28	2961	0	0	32
4.159	1	2	416	10	3	28	2961	0	0	32
4.159	1	3	416	10	1	28	2961	0	0	32
4.16	1	2	417	1	3	28	2961	0	0	32
4.16	1	3	417	1	1	28	2961	0	0	32
4.16	1	1	417	1	2	28	2961	0	0	32
4.161	1	3	417	2	1	28	2961	0	0	32
4.161	1	1	417	2	2	28	2961	0	0	32
4.161	1	2	417	2	3	28	2961	0	0	32
4.162	1	1	417	3	2	28	2961	0	0	32
4.162	1	2	417	3	3	28	2961	0	0	32
4.162	1	3	417	3	1	28	2961	0	0	32
4.163	1	2	417	4	3	28	2961	0	0	32
4.163	1	3	417	4	1	28	2961	0	0	32
4.163	1	1	417	4	2	28	2961	0	0	32
4.164	1	3	417	5	1	28	2961	0	0	32
4.164	1	1	417	5	2	28	2961	0	0	32
4.164	1	2	417	5	3	28	2961	0	0	32
4.165	1	1	417	6	2	28	2961	0	0	32
4.165	1	2	417	6	3	28	2961	0	0	32
4.165	1	3	417	6	1	28	2961	0	0	32
4.166	1	2	417	7	3	28	2961	0	0	32
4.166	1	3	417	7	1	28	2961	0	0	32
4.166	1	1	417	7	2	28	2961	0	0	32
4.167	1	3	417	8	1	28	2961	0	0	32
4.167	1	1	417	8	2	28	2961	0	0	32
4.167	1	2	417	8	3	28	2961	0	0	32
4.243	1	1	425	4	2	28	2961	0	0	32
4.243	1	2	425	4	3	28	2961	0	0	32
4.243	1	3	425	4	1	28	2961	0	0	32
4.244	1	2	425	5	3	28	2961	0	0	32
4.244	1	3	425	5	1	28	2961	0	0	32
4.244	1	1	425	5	2	28	2961	0	0	32
4.245	1	3	425	6	1	28	2961	0	0	32
4.245	1	1	425	6	2	28	2961	0	0	32
4.245	1	2	425	6	3	28	2961	0	0	32
4.246	1	1	425	7	2	28	2961	0	0	32
4.246	1	2	425	7	3	28	2961	0	0	32
4.246	1	3	425	7	1	28	2961	0	0	32
4.247	1	2	425	8	3	28	2961	0	0	32
4.247	1	3	425	8	1	28	2961	0	0	32
4.247	1	1	425	8	2	28	2961	0	0	32
4.248	1	3	425	9	1	28	2961	0	0	32
4.248	1	1	425	9	2	28	2961	0	0	32
4.248	1	2	425	9	3	28	2961	0	0	32
4.249	1	1	425	10	2	28	2961	0	0	32
4.249	1	2	425	10	3	28	2961	0	0	32
4.249	1	3	425	10	1	28	2961	0	0	32
4.25	1	2	426	1	3	28	2961	0	0	32
4.25	1	3	426	1	1	28	2961	0	0	32
4.25	1	1	426	1	2	28	2961	0	0	32
4.251	1	3	426	2	1	28	2961	0	0	32
4.251	1	1	426	2	2	28	2961	0	0	32
4.251	1	2	426	2	3	28	2961	0	0	32
4.252	1	1	426	3	2	28	2961	0	0	32
4.252	1	2	426	3	3	28	2961	0	0	32
4.252	1	3	426	3	1	28	2961	0	0	32
4.253	1	2	426	4	3	28	2961	0	0	32
4.253	1	3	426	4	1	28	2961	0	0	32
4.253	1	1	426	4	2	28	2961	0	0	32
4.254	1	3	426	5	1	28	2961	0	0	32
4.254	1	1	426	5	2	28	2961	0	0	32
4.254	1	2	426	5	3	28	2961	0	0	32
4.255	1	1	426	6	2	28	2961	0	0	32
4.255	1	2	426	6	3	28	2961	0	0	32
4.255	1	3	426	6	1	28	2961	0	0	32
4.256	1	2	426	7	3	28	2961	0	0	32
4.256	1	3	426	7	1	28	2961	0	0	32
4.256	1	1	426	7	2	28	2961	0	0	32
4.257	1	3	426	8	1	28	2961	0	0	32
4.257	1	1	426	8	2	28	2961	0	0	32
4.257	1	2	426	8	3	28	2961	0	0	32
4.258	1	1	426	9	2	28	2961	0	0	32
4.258	1	2	426	9	3	28	2961	0	0	32
4.258	1	3	426	9	1	28	2961	0	0	32
4.259	1	2	426	10	3	28	2961	0	0	32
4.259	1	3	426	10	1	28	2961	0	0	32
4.259	1	1	426	10	2	28	2961	0	0	32
4.26	1	3	427	1	1	28	2961	0	0	32
4.26	1	1	427	1	2	28	2961	0	0	32
4.26	1	2	427	1	3	28	2961	0	0	32
4.261	1	1	427	2	2	28	2961	0	0	32
4.261	1	2	427	2	3	28	2961	0	0	32
4.261	1	3	427	2	1	28	2961	0	0	32
4.262	1	2	427	3	3	28	2961	0	0	32
4.262	1	3	427	3	1	28	2961	0	0	32
4.262	1	1	427	3	2	28	2961	0	0	32
4.263	1	3	427	4	1	28	2961	0	0	32
4.263	1	1	427	4	2	28	2961	0	0	32
4.263	1	2	427	4	3	28	2961	0	0	32
4.264	1	1	427	5	2	28	2961	0	0	32
4.264	1	2	427	5	3	28	2961	0	0	32
4.264	1	3	427	5	1	28	2961	0	0	32
4.34	1	2	435	1	3	28	2961	0	0	32
4.34	1	3	435	1	1	28	2961	0	0	32
4.34	1	1	435	1	2	28	2961	0	0	32
4.341	1	3	435	2	1	28	2961	0	0	32
4.341	1	1	435	2	2	28	2961	0	0	32
4.341	1	2	435	2	3	28	2961	0	0	32
4.342	1	1	435	3	2	28	2961	0	0	32
4.342	1	2	435	3	3	28	2961	0	0	32
4.342	1	3	435	3	1	28	2961	0	0	32
4.343	1	2	435	4	3	28	2961	0	0	32
4.343	1	3	435	4	1	28	2961	0	0	32
4.343	1	1	435	4	2	28	2961	0	0	32
4.344	1	3	435	5	1	28	2961	0	0	32
4.344	1	1	435	5	2	28	2961	0	0	32
4.344	1	2	435	5	3	28	2961	0	0	32
4.345	1	1	435	6	2	28	2961	0	0	32
4.345	1	2	435	6	3	28	2961	0	0	32
4.345	1	3	435	6	1	28	2961	0	0	32
4.346	1	2	435	7	3	28	2961	0	0	32
4.346	1	3	435	7	1	28	2961	0	0	32
4.346	1	1	435	7	2	28	2961	0	0	32
4.347	1	3	435	8	1	28	2961	0	0	32
4.347	1	1	435	8	2	28	2961	0	0	32
4.347	1	2	435	8	3	28	2961	0	0	32
4.348	1	1	435	9	2	28	2961	0	0	32
4.348	1	2	435	9	3	28	2961	0	0	32
4.348	1	3	435	9	1	28	2961	0	0	32
4.349	1	2	435	10	3	28	2961	0	0	32
4.349	1	3	435	10	1	28	2961	0	0	32
4.349	1	1	435	10	2	28	2961	0	0	32
4.35	1	3	436	1	1	28	2961	0	0	32
4.35	1	1	436	1	2	28	2961	0	0	32
4.35	1	2	436	1	3	28	2961	0	0	32
4.351	1	1	436	2	2	28	2961	0	0	32
4.351	1	2	436	2	3	28	2961	0	0	32
4.351	1	3	436	2	1	28	2961	0	0	32
4.352	1	2	436	3	3	28	2961	0	0	32
4.352	1	3	436	3	1	28	2961	0	0	32
4.352	1	1	436	3	2	28	2961	0	0	32
4.353	1	3	436	4	1	28	2961	0	0	32
4.353	1	1	436	4	2	28	2961	0	0	32
4.353	1	2	436	4	3	28	2961	0	0	32
4.354	1	1	436	5	2	28	2961	0	0	32
4.354	1	2	436	5	3	28	2961	0	0	32
4.354	1	3	436	5	1	28	2961	0	0	32
4.355	1	2	436	6	3	28	2961	0	0	32
4.355	1	3	436	6	1	28	2961	0	0	32
4.355	1	1	436	6	2	28	2961	0	0	32
4.356	1	3	436	7	1	28	2961	0	0	32
4.356	1	1	436	7	2	28	2961	0	0	32
4.356	1	2	436	7	3	28	2961	0	0	32
4.357	1	1	436	8	2	28	2961	0	0	32
4.357	1	2	436	8	3	28	2961	0	0	32
4.357	1	3	436	8	1	28	2961	0	0	32
4.358	1	2	436	9	3	28	2961	0	0	32
4.358	1	3	436	9	1	28	2961	0	0	32
4.358	1	1	436	9	2	28	2961	0	0	32
4.359	1	3	436	10	1	28	2961	0	0	32
4.359	1	1	436	10	2	28	2961	0	0	32
4.359	1	2	436	10	3	28	2961	0	0	32
4.36	1	1	437	1	2	28	2961	0	0	32
4.36	1	2	437	1	3	28	2961	0	0	32
4.36	1	3	437	1	1	28	2961	0	0	32
4.361	1	2	437	2	3	28	2961	0	0	32
4.361	1	3	437	2	1	28	2961	0	0	32
4.361	1	1	437	2	2	28	2961	0	0	32
4.437	1	3	444	8	1	28	2961	0	0	32
4.437	1	1	444	8	2	28	2961	0	0	32
4.437	1	2	444	8	3	28	2961	0	0	32
4.438	1	1	444	9	2	28	2961	0	0	32
4.438	1	2	444	9	3	28	2961	0	0	32
4.438	1	3	444	9	1	28	2961	0	0	32
4.439	1	2	444	10	3	28	2961	0	0	32
4.439	1	3	444	10	1	28	2961	0	0	32
4.439	1	1	444	10	2	28	2961	0	0	32
4.44	1	3	445	1	1	28	2961	0	0	32
4.44	1	1	445	1	2	28	2961	0	0	32
4.44	1	2	445	1	3	28	2961	0	0	32
4.441	1	1	445	2	2	28	2961	0	0	32
4.441	1	2	445	2	3	28	2961	0	0	32
4.441	1	3	445	2	1	28	2961	0	0	32
4.442	1	2	445	3	3	28	2961	0	0	32
4.442	1	3	445	3	1	28	2961	0	0	32
4.442	1	1	445	3	2	28	2961	0	0	32
4.443	1	3	445	4	1	28	2961	0	0	32
4.443	1	1	445	4	2	28	2961	0	0	32
4.443	1	2	445	4	3	28	2961	0	0	32
4.444	1	1	445	5	2	28	2961	0	0	32
4.444	1	2	445	5	3	28	2961	0	0	32
4.444	1	3	445	5	1	28	2961	0	0	32
4.445	1	2	445	6	3	28	2961	0	0	32
4.445	1	3	445	6	1	28	2961	0	0	32
4.445	1	1	445	6	2	28	2961	0	0	32
4.446	1	3	445	7	1	28	2961	0	0	32
4.446	1	1	445	7	2	28	2961	0	0	32
4.446	1	2	445	7	3	28	2961	0	0	32
4.447	1	1	445	8	2	28	2961	0	0	32
4.447	1	2	445	8	3	28	2961	0	0	32
4.447	1	3	445	8	1	28	2961	0	0	32
4.448	1	2	445	9	3	28	2961	0	0	32
4.448	1	3	445	9	1	28	2961	0	0	32
4.448	1	1	445	9	2	28	2961	0	0	32
4.449	1	3	445	10	1	28	2961	0	0	32
4.449	1	1	445	10	2	28	2961	0	0	32
4.449	1	2	445	10	3	28	2961	0	0	32
4.45	1	1	446	1	2	28	2961	0	0	32
4.45	1	2	446	1	3	28	2961	0	0	32
4.45	1	3	446	1	1	28	2961	0	0	32
4.451	1	2	446	2	3	28	2961	0	0	32
4.451	1	3	446	2	1	28	2961	0	0	32
4.451	1	1	446	2	2	28	2961	0	0	32
4.452	1	3	446	3	1	28	2961	0	0	32
4.452	1	1	446	3	2	28	2961	0	0	32
4.452	1	2	446	3	3	28	2961	0	0	32
4.453	1	1	446	4	2	28	2961	0	0	32
4.453	1	2	446	4	3	28	2961	0	0	32
4.453	1	3	446	4	1	28	2961	0	0	32
4.454	1	2	446	5	3	28	2961	0	0	32
4.454	1	3	446	5	1	28	2961	0	0	32
4.454	1	1	446	5	2	28	2961	0	0	32
4.455	1	3	446	6	1	28	2961	0	0	32
4.455	1	1	446	6	2	28	2961	0	0	32
4.455	1	2	446	6	3	28	2961	0	0	32
4.456	1	1	446	7	2	28	2961	0	0	32
4.456	1	2	446	7	3	28	2961	0	0	32
4.456	1	3	446	7	1	28	2961	0	0	32
4.457	1	2	446	8	3	28	2961	0	0	32
4.457	1	3	446	8	1	28	2961	0	0	32
4.457	1	1	446	8	2	28	2961	0	0	32
4.458	1	3	446	9	1	28	2961	0	0	32
4.458	1	1	446	9	2	28	2961	0	0	32
4.458	1	2	446	9	3	28	2961	0	0	32
4.534	1	1	454	5	2	28	2961	0	0	32
4.534	1	2	454	5	3	28	2961	0	0	32
4.534	1	3	454	5	1	28	2961	0	0	32
4.535	1	2	454	6	3	28	2961	0	0	32
4.535	1	3	454	6	1	28	2961	0	0	32
4.535	1	1	454	6	2	28	2961	0	0	32
4.536	1	3	454	7	1	28	2961	0	0	32
4.536	1	1	454	7	2	28	2961	0	0	32
4.536	1	2	454	7	3	28	2961	0	0	32
4.537	1	1	454	8	2	28	2961	0	0	32
4.537	1	2	454	8	3	28	2961	0	0	32
4.537	1	3	454	8	1	28	2961	0	0	32
4.538	1	2	454	9	3	28	2961	0	0	32
4.538	1	3	454	9	1	28	2961	0	0	32
4.538	1	1	454	9	2	28	2961	0	0	32
4.539	1	3	454	10	1	28	2961	0	0	32
4.539	1	1	454	10	2	28	2961	0	0	32
4.539	1	2	454	10	3	28	2961	0	0	32
4.54	1	1	455	1	2	28	2961	0	0	32
4.54	1	2	455	1	3	28	2961	0	0	32
4.54	1	3	455	1	1	28	2961	0	0	32
4.541	1	2	455	2	3	28	2961	0	0	32
4.541	1	3	455	2	1	28	2961	0	0	32
4.541	1	1	455	2	2	28	2961	0	0	32
4.542	1	3	455	3	1	28	2961	0	0	32
4.542	1	1	455	3	2	28	2961	0	0	32
4.542	1	2	455	3	3	28	2961	0	0	32
4.543	1	1	455	4	2	28	2961	0	0	32
4.543	1	2	455	4	3	28	2961	0	0	32
4.543	1	3	455	4	1	28	2961	0	0	32
4.544	1	2	455	5	3	28	2961	0	0	32
4.544	1	3	455	5	1	28	2961	0	0	32
4.544	1	1	455	5	2	28	2961	0	0	32
4.545	1	3	455	6	1	28	2961	0	0	32
4.545	1	1	455	6	2	28	2961	0	0	32
4.545	1	2	455	6	3	28	2961	0	0	32
4.546	1	1	455	7	2	28	2961	0	0	32
4.546	1	2	455	7	3	28	2961	0	0	32
4.546	1	3	455	7	1	28	2961	0	0	32
4.547	1	2	455	8	3	28	2961	0	0	32
4.547	1	3	455	8	1	28	2961	0	0	32
4.547	1	1	455	8	2	28	2961	0	0	32
4.548	1	3	455	9	1	28	2961	0	0	32
4.548	1	1	455	9	2	28	2961	0	0	32
4.548	1	2	455	9	3	28	2961	0	0	32
4.549	1	1	455	10	2	28	2961	0	0	32
4.549	1	2	455	10	3	28	2961	0	0	32
4.549	1	3	455	10	1	28	2961	0	0	32
4.55	1	2	456	1	3	28	2961	0	0	32
4.55	1	3	456	1	1	28	2961	0	0	32
4.55	1	1	456	1	2	28	2961	0	0	32
4.551	1	3	456	2	1	28	2961	0	0	32
4.551	1	1	456	2	2	28	2961	0	0	32
4.551	1	2	456	2	3	28	2961	0	0	32
4.552	1	1	456	3	2	28	2961	0	0	32
4.552	1	2	456	3	3	28	2961	0	0	32
4.552	1	3	456	3	1	28	2961	0	0	32
4.553	1	2	456	4	3	28	2961	0	0	32
4.553	1	3	456	4	1	28	2961	0	0	32
4.553	1	1	456	4	2	28	2961	0	0	32
4.554	1	3	456	5	1	28	2961	0	0	32
4.554	1	1	456	5	2	28	2961	0	0	32
4.554	1	2	456	5	3	28	2961	0	0	32
4.555	1	1	456	6	2	28	2961	0	0	32
4.555	1	2	456	6	3	28	2961	0	0	32
4.555	1	3	456	6	1	28	2961	0	0	32
4.631	1	2	464	2	3	28	2961	0	0	32
4.631	1	3	464	2	1	28	2961	0	0	32
4.631	1	1	464	2	2	28	2961	0	0	32
4.632	1	3	464	3	1	28	2961	0	0	32
4.632	1	1	464	3	2	28	2961	0	0	32
4.632	1	2	464	3	3	28	2961	0	0	32
4.633	1	1	464	4	2	28	2961	0	0	32
4.633	1	2	464	4	3	28	2961	0	0	32
4.633	1	3	464	4	1	28	2961	0	0	32
4.634	1	2	464	5	3	28	2961	0	0	32
4.634	1	3	464	5	1	28	2961	0	0	32
4.634	1	1	464	5	2	28	2961	0	0	32
4.635	1	3	464	6	1	28	2961	0	0	32
4.635	1	1	464	6	2	28	2961	0	0	32
4.635	1	2	464	6	3	28	2961	0	0	32
4.636	1	1	464	7	2	28	2961	0	0	32
4.636	1	2	464	7	3	28	2961	0	0	32
4.636	1	3	464	7	1	28	2961	0	0	32
4.637	1	2	464	8	3	28	2961	0	0	32
4.637	1	3	464	8	1	28	2961	0	0	32
4.637	1	1	464	8	2	28	2961	0	0	32
4.638	1	3	464	9	1	28	2961	0	0	32
4.638	1	1	464	9	2	28	2961	0	0	32
4.638	1	2	464	9	3	28	2961	0	0	32
4.639	1	1	464	10	2	28	2961	0	0	32
4.639	1	2	464	10	3	28	2961	0	0	32
4.639	1	3	464	10	1	28	2961	0	0	32
4.64	1	2	465	1	3	28	2961	0	0	32
4.64	1	3	465	1	1	28	2961	0	0	32
4.64	1	1	465	1	2	28	2961	0	0	32
4.641	1	3	465	2	1	28	2961	0	0	32
4.641	1	1	465	2	2	28	2961	0	0	32
4.641	1	2	465	2	3	28	2961	0	0	32
4.642	1	1	465	3	2	28	2961	0	0	32
4.642	1	2	465	3	3	28	2961	0	0	32
4.642	1	3	465	3	1	28	2961	0	0	32
4.643	1	2	465	4	3	28	2961	0	0	32
4.643	1	3	465	4	1	28	2961	0	0	32
4.643	1	1	465	4	2	28	2961	0	0	32
4.644	1	3	465	5	1	28	2961	0	0	32
4.644	1	1	465	5	2	28	2961	0	0	32
4.644	1	2	465	5	3	28	2961	0	0	32
4.645	1	1	465	6	2	28	2961	0	0	32
4.645	1	2	465	6	3	28	2961	0	0	32
4.645	1	3	465	6	1	28	2961	0	0	32
4.646	1	2	465	7	3	28	2961	0	0	32
4.646	1	3	465	7	1	28	2961	0	0	32
4.646	1	1	465	7	2	28	2961	0	0	32
4.647	1	3	465	8	1	28	2961	0	0	32
4.647	1	1	465	8	2	28	2961	0	0	32
4.647	1	2	465	8	3	28	2961	0	0	32
4.648	1	1	465	9	2	28	2961	0	0	32
4.648	1	2	465	9	3	28	2961	0	0	32
4.648	1	3	465	9	1	28	2961	0	0	32
4.649	1	2	465	10	3	28	2961	0	0	32
4.649	1	3	465	10	1	28	2961	0	0	32
4.649	1	1	465	10	2	28	2961	0	0	32
4.65	1	3	466	1	1	28	2961	0	0	32
4.65	1	1	466	1	2	28	2961	0	0	32
4.65	1	2	466	1	3	28	2961	0	0	32
4.651	1	1	466	2	2	28	2961	0	0	32
4.651	1	2	466	2	3	28	2961	0	0	32
4.651	1	3	466	2	1	28	2961	0	0	32
4.652	1	2	466	3	3	28	2961	0	0	32
4.652	1	3	466	3	1	28	2961	0	0	32
4.652	1	1	466	3	2	28	2961	0	0	32
4.728	1	3	473	9	1	28	2961	0	0	32
4.728	1	1	473	9	2	28	2961	0	0	32
4.728	1	2	473	9	3	28	2961	0	0	32
4.729	1	1	473	10	2	28	2961	0	0	32
4.729	1	2	473	10	3	28	2961	0	0	32
4.729	1	3	473	10	1	28	2961	0	0	32
4.73	1	2	474	1	3	28	2961	0	0	32
4.73	1	3	474	1	1	28	2961	0	0	32
4.73	1	1	474	1	2	28	2961	0	0	32
4.731	1	3	474	2	1	28	2961	0	0	32
4.731	1	1	474	2	2	28	2961	0	0	32
4.731	1	2	474	2	3	28	2961	0	0	32
4.732	1	1	474	3	2	28	2961	0	0	32
4.732	1	2	474	3	3	28	2961	0	0	32
4.732	1	3	474	3	1	28	2961	0	0	32
4.733	1	2	474	4	3	28	2961	0	0	32
4.733	1	3	474	4	1	28	2961	0	0	32
4.733	1	1	474	4	2	28	2961	0	0	32
4.734	1	3	474	5	1	28	2961	0	0	32
4.734	1	1	474	5	2	28	2961	0	0	32
4.734	1	2	474	5	3	28	2961	0	0	32
4.735	1	1	474	6	2	28	2961	0	0	32
4.735	1	2	474	6	3	28	2961	0	0	32
4.735	1	3	474	6	1	28	2961	0	0	32
4.736	1	2	474	7	3	28	2961	0	0	32
4.736	1	3	474	7	1	28	2961	0	0	32
4.736	1	1	474	7	2	28	2961	0	0	32
4.737	1	3	474	8	1	28	2961	0	0	32
4.737	1	1	474	8	2	28	2961	0	0	32
4.737	1	2	474	8	3	28	2961	0	0	32
4.738	1	1	474	9	2	28	2961	0	0	32
4.738	1	2	474	9	3	28	2961	0	0	32
4.738	1	3	474	9	1	28	2961	0	0	32
4.739	1	2	474	10	3	28	2961	0	0	32
4.739	1	3	474	10	1	28	2961	0	0	32
4.739	1	1	474	10	2	28	2961	0	0	32
4.74	1	3	475	1	1	28	2961	0	0	32
4.74	1	1	475	1	2	28	2961	0	0	32
4.74	1	2	475	1	3	28	2961	0	0	32
4.741	1	1	475	2	2	28	2961	0	0	32
4.741	1	2	475	2	3	28	2961	0	0	32
4.741	1	3	475	2	1	28	2961	0	0	32
4.742	1	2	475	3	3	28	2961	0	0	32
4.742	1	3	475	3	1	28	2961	0	0	32
4.742	1	1	475	3	2	28	2961	0	0	32
4.743	1	3	475	4	1	28	2961	0	0	32
4.743	1	1	475	4	2	28	2961	0	0	32
4.743	1	2	475	4	3	28	2961	0	0	32
4.744	1	1	475	5	2	28	2961	0	0	32
4.744	1	2	475	5	3	28	2961	0	0	32
4.744	1	3	475	5	1	28	2961	0	0	32
4.745	1	2	475	6	3	28	2961	0	0	32
4.745	1	3	475	6	1	28	2961	0	0	32
4.745	1	1	475	6	2	28	2961	0	0	32
4.746	1	3	475	7	1	28	2961	0	0	32
4.746	1	1	475	7	2	28	2961	0	0	32
4.746	1	2	475	7	3	28	2961	0	0	32
4.747	1	1	475	8	2	28	2961	0	0	32
4.747	1	2	475	8	3	28	2961	0	0	32
4.747	1	3	475	8	1	28	2961	0	0	32
4.748	1	2	475	9	3	28	2961	0	0	32
4.748	1	3	475	9	1	28	2961	0	0	32
4.748	1	1	475	9	2	28	2961	0	0	32
4.749	1	3	475	10	1	28	2961	0	0	32
4.749	1	1	475	10	2	28	2961	0	0	32
4.749	1	2	475	10	3	28	2961	0	0	32
4.825	1	1	483	6	2	28	2961	0	0	32
4.825	1	2	483	6	3	28	2961	0	0	32
4.825	1	3	483	6	1	28	2961	0	0	32
4.826	1	2	483	7	3	28	2961	0	0	32
4.826	1	3	483	7	1	28	2961	0	0	32
4.826	1	1	483	7	2	28	2961	0	0	32
4.827	1	3	483	8	1	28	2961	0	0	32
4.827	1	1	483	8	2	28	2961	0	0	32
4.827	1	2	483	8	3	28	2961	0	0	32
4.828	1	1	483	9	2	28	2961	0	0	32
4.828	1	2	483	9	3	28	2961	0	0	32
4.828	1	3	483	9	1	28	2961	0	0	32
4.829	1	2	483	10	3	28	2961	0	0	32
4.829	1	3	483	10	1	28	2961	0	0	32
4.829	1	1	483	10	2	28	2961	0	0	32
4.83	1	3	484	1	1	28	2961	0	0	32
4.83	1	1	484	1	2	28	2961	0	0	32
4.83	1	2	484	1	3	28	2961	0	0	32
4.831	1	1	484	2	2	28	2961	0	0	32
4.831	1	2	484	2	3	28	2961	0	0	32
4.831	1	3	484	2	1	28	2961	0	0	32
4.832	1	2	484	3	3	28	2961	0	0	32
4.832	1	3	484	3	1	28	2961	0	0	32
4.832	1	1	484	3	2	28	2961	0	0	32
4.833	1	3	484	4	1	28	2961	0	0	32
4.833	1	1	484	4	2	28	2961	0	0	32
4.833	1	2	484	4	3	28	2961	0	0	32
4.834	1	1	484	5	2	28	2961	0	0	32
4.834	1	2	484	5	3	28	2961	0	0	32
4.834	1	3	484	5	1	28	2961	0	0	32
4.835	1	2	484	6	3	28	2961	0	0	32
4.835	1	3	484	6	1	28	2961	0	0	32
4.835	1	1	484	6	2	28	2961	0	0	32
4.836	1	3	484	7	1	28	2961	0	0	32
4.836	1	1	484	7	2	28	2961	0	0	32
4.836	1	2	484	7	3	28	2961	0	0	32
4.837	1	1	484	8	2	28	2961	0	0	32
4.837	1	2	484	8	3	28	2961	0	0	32
4.837	1	3	484	8	1	28	2961	0	0	32
4.838	1	2	484	9	3	28	2961	0	0	32
4.838	1	3	484	9	1	28	2961	0	0	32
4.838	1	1	484	9	2	28	2961	0	0	32
4.839	1	3	484	10	1	28	2961	0	0	32
4.839	1	1	484	10	2	28	2961	0	0	32
4.839	1	2	484	10	3	28	2961	0	0	32
4.84	1	1	485	1	2	28	2961	0	0	32
4.84	1	2	485	1	3	28	2961	0	0	32
4.84	1	3	485	1	1	28	2961	0	0	32
4.841	1	2	485	2	3	28	2961	0	0	32
4.841	1	3	485	2	1	28	2961	0	0	32
4.841	1	1	485	2	2	28	2961	0	0	32
4.842	1	3	485	3	1	28	2961	0	0	32
4.842	1	1	485	3	2	28	2961	0	0	32
4.842	1	2	485	3	3	28	2961	0	0	32
4.843	1	1	485	4	2	28	2961	0	0	32
4.843	1	2	485	4	3	28	2961	0	0	32
4.843	1	3	485	4	1	28	2961	0	0	32
4.844	1	2	485	5	3	28	2961	0	0	32
4.844	1	3	485	5	1	28	2961	0	0	32
4.844	1	1	485	5	2	28	2961	0	0	32
4.845	1	3	485	6	1	28	2961	0	0	32
4.845	1	1	485	6	2	28	2961	0	0	32
4.845	1	2	485	6	3	28	2961	0	0	32
4.846	1	1	485	7	2	28	2961	0	0	32
4.846	1	2	485	7	3	28	2961	0	0	32
4.846	1	3	485	7	1	28	2961	0	0	32
4.922	1	2	493	3	3	28	2961	0	0	32
4.922	1	3	493	3	1	28	2961	0	0	32
4.922	1	1	493	3	2	28	2961	0	0	32
4.923	1	3	493	4	1	28	2961	0	0	32
4.923	1	1	493	4	2	28	2961	0	0	32
4.923	1	2	493	4	3	28	2961	0	0	32
4.924	1	1	493	5	2	28	2961	0	0	32
4.924	1	2	493	5	3	28	2961	0	0	32
4.924	1	3	493	5	1	28	2961	0	0	32
4.925	1	2	493	6	3	28	2961	0	0	32
4.925	1	3	493	6	1	28	2961	0	0	32
4.925	1	1	493	6	2	28	2961	0	0	32
4.926	1	3	493	7	1	28	2961	0	0	32
4.926	1	1	493	7	2	28	2961	0	0	32
4.926	1	2	493	7	3	28	2961	0	0	32
4.927	1	1	493	8	2	28	2961	0	0	32
4.927	1	2	493	8	3	28	2961	0	0	32
4.927	1	3	493	8	1	28	2961	0	0	32
4.928	1	2	493	9	3	28	2961	0	0	32
4.928	1	3	493	9	1	28	2961	0	0	32
4.928	1	1	493	9	2	28	2961	0	0	32
4.929	1	3	493	10	1	28	2961	0	0	32
4.929	1	1	493	10	2	28	2961	0	0	32
4.929	1	2	493	10	3	28	2961	0	0	32
4.93	1	1	494	1	2	28	2961	0	0	32
4.93	1	2	494	1	3	28	2961	0	0	32
4.93	1	3	494	1	1	28	2961	0	0	32
4.931	1	2	494	2	3	28	2961	0	0	32
4.931	1	3	494	2	1	28	2961	0	0	32
4.931	1	1	494	2	2	28	2961	0	0	32
4.932	1	3	494	3	1	28	2961	0	0	32
4.932	1	1	494	3	2	28	2961	0	0	32
4.932	1	2	494	3	3	28	2961	0	0	32
4.933	1	1	494	4	2	28	2961	0	0	32
4.933	1	2	494	4	3	28	2961	0	0	32
4.933	1	3	494	4	1	28	2961	0	0	32
4.934	1	2	494	5	3	28	2961	0	0	32
4.934	1	3	494	5	1	28	2961	0	0	32
4.934	1	1	494	5	2	28	2961	0	0	32
4.935	1	3	494	6	1	28	2961	0	0	32
4.935	1	1	494	6	2	28	2961	0	0	32
4.935	1	2	494	6	3	28	2961	0	0	32
4.936	1	1	494	7	2	28	2961	0	0	32
4.936	1	2	494	7	3	28	2961	0	0	32
4.936	1	3	494	7	1	28	2961	0	0	32
5.026	1	2	503	7	3	28	2961	0	0	32
5.026	1	3	503	7	1	28	2961	0	0	32
5.026	1	1	503	7	2	28	2961	0	0	32
